GRID,VERSION,ZONE,SHORTNAME,TILE,EXTENT,EASTINGLL,NORTHINGLL,COVERSLAND,wui_name
Equi7Grid,V14,Oceania,E7G_OC,E028N100T1,100000,2800000,10000000,1,X0028_Y-002
Equi7Grid,V14,Oceania,E7G_OC,E028N101T1,100000,2800000,10100000,1,X0028_Y-003
Equi7Grid,V14,Oceania,E7G_OC,E028N102T1,100000,2800000,10200000,1,X0028_Y-004
Equi7Grid,V14,Oceania,E7G_OC,E029N099T1,100000,2900000,9900000,1,X0029_Y-001
Equi7Grid,V14,Oceania,E7G_OC,E029N100T1,100000,2900000,10000000,1,X0029_Y-002
Equi7Grid,V14,Oceania,E7G_OC,E029N101T1,100000,2900000,10100000,1,X0029_Y-003
Equi7Grid,V14,Oceania,E7G_OC,E029N098T1,100000,2900000,9800000,1,X0029_Y0000
Equi7Grid,V14,Oceania,E7G_OC,E030N099T1,100000,3000000,9900000,1,X0030_Y-001
Equi7Grid,V14,Oceania,E7G_OC,E030N100T1,100000,3000000,10000000,1,X0030_Y-002
Equi7Grid,V14,Oceania,E7G_OC,E030N101T1,100000,3000000,10100000,1,X0030_Y-003
Equi7Grid,V14,Oceania,E7G_OC,E030N098T1,100000,3000000,9800000,1,X0030_Y0000
Equi7Grid,V14,Oceania,E7G_OC,E030N097T1,100000,3000000,9700000,1,X0030_Y0001
Equi7Grid,V14,Oceania,E7G_OC,E030N096T1,100000,3000000,9600000,1,X0030_Y0002
Equi7Grid,V14,Oceania,E7G_OC,E031N099T1,100000,3100000,9900000,1,X0031_Y-001
Equi7Grid,V14,Oceania,E7G_OC,E031N100T1,100000,3100000,10000000,1,X0031_Y-002
Equi7Grid,V14,Oceania,E7G_OC,E031N101T1,100000,3100000,10100000,1,X0031_Y-003
Equi7Grid,V14,Oceania,E7G_OC,E031N098T1,100000,3100000,9800000,1,X0031_Y0000
Equi7Grid,V14,Oceania,E7G_OC,E031N097T1,100000,3100000,9700000,1,X0031_Y0001
Equi7Grid,V14,Oceania,E7G_OC,E031N096T1,100000,3100000,9600000,1,X0031_Y0002
Equi7Grid,V14,Oceania,E7G_OC,E032N099T1,100000,3200000,9900000,1,X0032_Y-001
Equi7Grid,V14,Oceania,E7G_OC,E032N100T1,100000,3200000,10000000,1,X0032_Y-002
Equi7Grid,V14,Oceania,E7G_OC,E032N103T1,100000,3200000,10300000,1,X0032_Y-005
Equi7Grid,V14,Oceania,E7G_OC,E032N098T1,100000,3200000,9800000,1,X0032_Y0000
Equi7Grid,V14,Oceania,E7G_OC,E032N097T1,100000,3200000,9700000,1,X0032_Y0001
Equi7Grid,V14,Oceania,E7G_OC,E032N096T1,100000,3200000,9600000,1,X0032_Y0002
Equi7Grid,V14,Oceania,E7G_OC,E032N095T1,100000,3200000,9500000,1,X0032_Y0003
Equi7Grid,V14,Oceania,E7G_OC,E032N094T1,100000,3200000,9400000,1,X0032_Y0004
Equi7Grid,V14,Oceania,E7G_OC,E032N093T1,100000,3200000,9300000,1,X0032_Y0005
Equi7Grid,V14,Oceania,E7G_OC,E032N081T1,100000,3200000,8100000,1,X0032_Y0017
Equi7Grid,V14,Oceania,E7G_OC,E033N099T1,100000,3300000,9900000,1,X0033_Y-001
Equi7Grid,V14,Oceania,E7G_OC,E033N102T1,100000,3300000,10200000,1,X0033_Y-004
Equi7Grid,V14,Oceania,E7G_OC,E033N103T1,100000,3300000,10300000,1,X0033_Y-005
Equi7Grid,V14,Oceania,E7G_OC,E033N098T1,100000,3300000,9800000,1,X0033_Y0000
Equi7Grid,V14,Oceania,E7G_OC,E033N097T1,100000,3300000,9700000,1,X0033_Y0001
Equi7Grid,V14,Oceania,E7G_OC,E033N096T1,100000,3300000,9600000,1,X0033_Y0002
Equi7Grid,V14,Oceania,E7G_OC,E033N095T1,100000,3300000,9500000,1,X0033_Y0003
Equi7Grid,V14,Oceania,E7G_OC,E033N094T1,100000,3300000,9400000,1,X0033_Y0004
Equi7Grid,V14,Oceania,E7G_OC,E033N093T1,100000,3300000,9300000,1,X0033_Y0005
Equi7Grid,V14,Oceania,E7G_OC,E034N099T1,100000,3400000,9900000,1,X0034_Y-001
Equi7Grid,V14,Oceania,E7G_OC,E034N100T1,100000,3400000,10000000,1,X0034_Y-002
Equi7Grid,V14,Oceania,E7G_OC,E034N101T1,100000,3400000,10100000,1,X0034_Y-003
Equi7Grid,V14,Oceania,E7G_OC,E034N102T1,100000,3400000,10200000,1,X0034_Y-004
Equi7Grid,V14,Oceania,E7G_OC,E034N103T1,100000,3400000,10300000,1,X0034_Y-005
Equi7Grid,V14,Oceania,E7G_OC,E034N098T1,100000,3400000,9800000,1,X0034_Y0000
Equi7Grid,V14,Oceania,E7G_OC,E034N097T1,100000,3400000,9700000,1,X0034_Y0001
Equi7Grid,V14,Oceania,E7G_OC,E034N096T1,100000,3400000,9600000,1,X0034_Y0002
Equi7Grid,V14,Oceania,E7G_OC,E034N095T1,100000,3400000,9500000,1,X0034_Y0003
Equi7Grid,V14,Oceania,E7G_OC,E034N094T1,100000,3400000,9400000,1,X0034_Y0004
Equi7Grid,V14,Oceania,E7G_OC,E034N093T1,100000,3400000,9300000,1,X0034_Y0005
Equi7Grid,V14,Oceania,E7G_OC,E034N092T1,100000,3400000,9200000,1,X0034_Y0006
Equi7Grid,V14,Oceania,E7G_OC,E035N099T1,100000,3500000,9900000,1,X0035_Y-001
Equi7Grid,V14,Oceania,E7G_OC,E035N100T1,100000,3500000,10000000,1,X0035_Y-002
Equi7Grid,V14,Oceania,E7G_OC,E035N101T1,100000,3500000,10100000,1,X0035_Y-003
Equi7Grid,V14,Oceania,E7G_OC,E035N102T1,100000,3500000,10200000,1,X0035_Y-004
Equi7Grid,V14,Oceania,E7G_OC,E035N103T1,100000,3500000,10300000,1,X0035_Y-005
Equi7Grid,V14,Oceania,E7G_OC,E035N098T1,100000,3500000,9800000,1,X0035_Y0000
Equi7Grid,V14,Oceania,E7G_OC,E035N097T1,100000,3500000,9700000,1,X0035_Y0001
Equi7Grid,V14,Oceania,E7G_OC,E035N096T1,100000,3500000,9600000,1,X0035_Y0002
Equi7Grid,V14,Oceania,E7G_OC,E035N095T1,100000,3500000,9500000,1,X0035_Y0003
Equi7Grid,V14,Oceania,E7G_OC,E035N094T1,100000,3500000,9400000,1,X0035_Y0004
Equi7Grid,V14,Oceania,E7G_OC,E035N093T1,100000,3500000,9300000,1,X0035_Y0005
Equi7Grid,V14,Oceania,E7G_OC,E035N092T1,100000,3500000,9200000,1,X0035_Y0006
Equi7Grid,V14,Oceania,E7G_OC,E036N099T1,100000,3600000,9900000,1,X0036_Y-001
Equi7Grid,V14,Oceania,E7G_OC,E036N100T1,100000,3600000,10000000,1,X0036_Y-002
Equi7Grid,V14,Oceania,E7G_OC,E036N101T1,100000,3600000,10100000,1,X0036_Y-003
Equi7Grid,V14,Oceania,E7G_OC,E036N102T1,100000,3600000,10200000,1,X0036_Y-004
Equi7Grid,V14,Oceania,E7G_OC,E036N103T1,100000,3600000,10300000,1,X0036_Y-005
Equi7Grid,V14,Oceania,E7G_OC,E036N098T1,100000,3600000,9800000,1,X0036_Y0000
Equi7Grid,V14,Oceania,E7G_OC,E036N097T1,100000,3600000,9700000,1,X0036_Y0001
Equi7Grid,V14,Oceania,E7G_OC,E036N096T1,100000,3600000,9600000,1,X0036_Y0002
Equi7Grid,V14,Oceania,E7G_OC,E036N095T1,100000,3600000,9500000,1,X0036_Y0003
Equi7Grid,V14,Oceania,E7G_OC,E036N094T1,100000,3600000,9400000,1,X0036_Y0004
Equi7Grid,V14,Oceania,E7G_OC,E036N093T1,100000,3600000,9300000,1,X0036_Y0005
Equi7Grid,V14,Oceania,E7G_OC,E036N092T1,100000,3600000,9200000,1,X0036_Y0006
Equi7Grid,V14,Oceania,E7G_OC,E036N091T1,100000,3600000,9100000,1,X0036_Y0007
Equi7Grid,V14,Oceania,E7G_OC,E037N099T1,100000,3700000,9900000,1,X0037_Y-001
Equi7Grid,V14,Oceania,E7G_OC,E037N100T1,100000,3700000,10000000,1,X0037_Y-002
Equi7Grid,V14,Oceania,E7G_OC,E037N101T1,100000,3700000,10100000,1,X0037_Y-003
Equi7Grid,V14,Oceania,E7G_OC,E037N102T1,100000,3700000,10200000,1,X0037_Y-004
Equi7Grid,V14,Oceania,E7G_OC,E037N098T1,100000,3700000,9800000,1,X0037_Y0000
Equi7Grid,V14,Oceania,E7G_OC,E037N097T1,100000,3700000,9700000,1,X0037_Y0001
Equi7Grid,V14,Oceania,E7G_OC,E037N096T1,100000,3700000,9600000,1,X0037_Y0002
Equi7Grid,V14,Oceania,E7G_OC,E037N095T1,100000,3700000,9500000,1,X0037_Y0003
Equi7Grid,V14,Oceania,E7G_OC,E037N094T1,100000,3700000,9400000,1,X0037_Y0004
Equi7Grid,V14,Oceania,E7G_OC,E037N093T1,100000,3700000,9300000,1,X0037_Y0005
Equi7Grid,V14,Oceania,E7G_OC,E037N092T1,100000,3700000,9200000,1,X0037_Y0006
Equi7Grid,V14,Oceania,E7G_OC,E037N091T1,100000,3700000,9100000,1,X0037_Y0007
Equi7Grid,V14,Oceania,E7G_OC,E037N090T1,100000,3700000,9000000,1,X0037_Y0008
Equi7Grid,V14,Oceania,E7G_OC,E037N089T1,100000,3700000,8900000,1,X0037_Y0009
Equi7Grid,V14,Oceania,E7G_OC,E038N099T1,100000,3800000,9900000,1,X0038_Y-001
Equi7Grid,V14,Oceania,E7G_OC,E038N098T1,100000,3800000,9800000,1,X0038_Y0000
Equi7Grid,V14,Oceania,E7G_OC,E038N097T1,100000,3800000,9700000,1,X0038_Y0001
Equi7Grid,V14,Oceania,E7G_OC,E038N096T1,100000,3800000,9600000,1,X0038_Y0002
Equi7Grid,V14,Oceania,E7G_OC,E038N095T1,100000,3800000,9500000,1,X0038_Y0003
Equi7Grid,V14,Oceania,E7G_OC,E038N094T1,100000,3800000,9400000,1,X0038_Y0004
Equi7Grid,V14,Oceania,E7G_OC,E038N093T1,100000,3800000,9300000,1,X0038_Y0005
Equi7Grid,V14,Oceania,E7G_OC,E038N092T1,100000,3800000,9200000,1,X0038_Y0006
Equi7Grid,V14,Oceania,E7G_OC,E038N091T1,100000,3800000,9100000,1,X0038_Y0007
Equi7Grid,V14,Oceania,E7G_OC,E038N090T1,100000,3800000,9000000,1,X0038_Y0008
Equi7Grid,V14,Oceania,E7G_OC,E039N097T1,100000,3900000,9700000,1,X0039_Y0001
Equi7Grid,V14,Oceania,E7G_OC,E039N096T1,100000,3900000,9600000,1,X0039_Y0002
Equi7Grid,V14,Oceania,E7G_OC,E039N095T1,100000,3900000,9500000,1,X0039_Y0003
Equi7Grid,V14,Oceania,E7G_OC,E039N094T1,100000,3900000,9400000,1,X0039_Y0004
Equi7Grid,V14,Oceania,E7G_OC,E039N093T1,100000,3900000,9300000,1,X0039_Y0005
Equi7Grid,V14,Oceania,E7G_OC,E039N092T1,100000,3900000,9200000,1,X0039_Y0006
Equi7Grid,V14,Oceania,E7G_OC,E039N091T1,100000,3900000,9100000,1,X0039_Y0007
Equi7Grid,V14,Oceania,E7G_OC,E039N090T1,100000,3900000,9000000,1,X0039_Y0008
Equi7Grid,V14,Oceania,E7G_OC,E039N089T1,100000,3900000,8900000,1,X0039_Y0009
Equi7Grid,V14,Oceania,E7G_OC,E040N099T1,100000,4000000,9900000,1,X0040_Y-001
Equi7Grid,V14,Oceania,E7G_OC,E040N100T1,100000,4000000,10000000,1,X0040_Y-002
Equi7Grid,V14,Oceania,E7G_OC,E040N094T1,100000,4000000,9400000,1,X0040_Y0004
Equi7Grid,V14,Oceania,E7G_OC,E040N093T1,100000,4000000,9300000,1,X0040_Y0005
Equi7Grid,V14,Oceania,E7G_OC,E040N092T1,100000,4000000,9200000,1,X0040_Y0006
Equi7Grid,V14,Oceania,E7G_OC,E040N091T1,100000,4000000,9100000,1,X0040_Y0007
Equi7Grid,V14,Oceania,E7G_OC,E040N090T1,100000,4000000,9000000,1,X0040_Y0008
Equi7Grid,V14,Oceania,E7G_OC,E040N089T1,100000,4000000,8900000,1,X0040_Y0009
Equi7Grid,V14,Oceania,E7G_OC,E040N088T1,100000,4000000,8800000,1,X0040_Y0010
Equi7Grid,V14,Oceania,E7G_OC,E041N099T1,100000,4100000,9900000,1,X0041_Y-001
Equi7Grid,V14,Oceania,E7G_OC,E041N100T1,100000,4100000,10000000,1,X0041_Y-002
Equi7Grid,V14,Oceania,E7G_OC,E041N094T1,100000,4100000,9400000,1,X0041_Y0004
Equi7Grid,V14,Oceania,E7G_OC,E041N093T1,100000,4100000,9300000,1,X0041_Y0005
Equi7Grid,V14,Oceania,E7G_OC,E041N092T1,100000,4100000,9200000,1,X0041_Y0006
Equi7Grid,V14,Oceania,E7G_OC,E041N091T1,100000,4100000,9100000,1,X0041_Y0007
Equi7Grid,V14,Oceania,E7G_OC,E041N090T1,100000,4100000,9000000,1,X0041_Y0008
Equi7Grid,V14,Oceania,E7G_OC,E041N089T1,100000,4100000,8900000,1,X0041_Y0009
Equi7Grid,V14,Oceania,E7G_OC,E041N088T1,100000,4100000,8800000,1,X0041_Y0010
Equi7Grid,V14,Oceania,E7G_OC,E041N084T1,100000,4100000,8400000,1,X0041_Y0014
Equi7Grid,V14,Oceania,E7G_OC,E042N100T1,100000,4200000,10000000,1,X0042_Y-002
Equi7Grid,V14,Oceania,E7G_OC,E042N102T1,100000,4200000,10200000,1,X0042_Y-004
Equi7Grid,V14,Oceania,E7G_OC,E042N097T1,100000,4200000,9700000,1,X0042_Y0001
Equi7Grid,V14,Oceania,E7G_OC,E042N093T1,100000,4200000,9300000,1,X0042_Y0005
Equi7Grid,V14,Oceania,E7G_OC,E042N090T1,100000,4200000,9000000,1,X0042_Y0008
Equi7Grid,V14,Oceania,E7G_OC,E042N089T1,100000,4200000,8900000,1,X0042_Y0009
Equi7Grid,V14,Oceania,E7G_OC,E042N088T1,100000,4200000,8800000,1,X0042_Y0010
Equi7Grid,V14,Oceania,E7G_OC,E043N100T1,100000,4300000,10000000,1,X0043_Y-002
Equi7Grid,V14,Oceania,E7G_OC,E043N101T1,100000,4300000,10100000,1,X0043_Y-003
Equi7Grid,V14,Oceania,E7G_OC,E043N102T1,100000,4300000,10200000,1,X0043_Y-004
Equi7Grid,V14,Oceania,E7G_OC,E043N093T1,100000,4300000,9300000,1,X0043_Y0005
Equi7Grid,V14,Oceania,E7G_OC,E043N089T1,100000,4300000,8900000,1,X0043_Y0009
Equi7Grid,V14,Oceania,E7G_OC,E043N088T1,100000,4300000,8800000,1,X0043_Y0010
Equi7Grid,V14,Oceania,E7G_OC,E044N099T1,100000,4400000,9900000,1,X0044_Y-001
Equi7Grid,V14,Oceania,E7G_OC,E044N100T1,100000,4400000,10000000,1,X0044_Y-002
Equi7Grid,V14,Oceania,E7G_OC,E044N098T1,100000,4400000,9800000,1,X0044_Y0000
Equi7Grid,V14,Oceania,E7G_OC,E044N097T1,100000,4400000,9700000,1,X0044_Y0001
Equi7Grid,V14,Oceania,E7G_OC,E044N096T1,100000,4400000,9600000,1,X0044_Y0002
Equi7Grid,V14,Oceania,E7G_OC,E044N095T1,100000,4400000,9500000,1,X0044_Y0003
Equi7Grid,V14,Oceania,E7G_OC,E044N094T1,100000,4400000,9400000,1,X0044_Y0004
Equi7Grid,V14,Oceania,E7G_OC,E044N089T1,100000,4400000,8900000,1,X0044_Y0009
Equi7Grid,V14,Oceania,E7G_OC,E044N088T1,100000,4400000,8800000,1,X0044_Y0010
Equi7Grid,V14,Oceania,E7G_OC,E045N099T1,100000,4500000,9900000,1,X0045_Y-001
Equi7Grid,V14,Oceania,E7G_OC,E045N098T1,100000,4500000,9800000,1,X0045_Y0000
Equi7Grid,V14,Oceania,E7G_OC,E045N097T1,100000,4500000,9700000,1,X0045_Y0001
Equi7Grid,V14,Oceania,E7G_OC,E045N096T1,100000,4500000,9600000,1,X0045_Y0002
Equi7Grid,V14,Oceania,E7G_OC,E045N095T1,100000,4500000,9500000,1,X0045_Y0003
Equi7Grid,V14,Oceania,E7G_OC,E045N094T1,100000,4500000,9400000,1,X0045_Y0004
Equi7Grid,V14,Oceania,E7G_OC,E045N093T1,100000,4500000,9300000,1,X0045_Y0005
Equi7Grid,V14,Oceania,E7G_OC,E045N089T1,100000,4500000,8900000,1,X0045_Y0009
Equi7Grid,V14,Oceania,E7G_OC,E045N088T1,100000,4500000,8800000,1,X0045_Y0010
Equi7Grid,V14,Oceania,E7G_OC,E046N099T1,100000,4600000,9900000,1,X0046_Y-001
Equi7Grid,V14,Oceania,E7G_OC,E046N100T1,100000,4600000,10000000,1,X0046_Y-002
Equi7Grid,V14,Oceania,E7G_OC,E046N098T1,100000,4600000,9800000,1,X0046_Y0000
Equi7Grid,V14,Oceania,E7G_OC,E046N097T1,100000,4600000,9700000,1,X0046_Y0001
Equi7Grid,V14,Oceania,E7G_OC,E046N096T1,100000,4600000,9600000,1,X0046_Y0002
Equi7Grid,V14,Oceania,E7G_OC,E046N095T1,100000,4600000,9500000,1,X0046_Y0003
Equi7Grid,V14,Oceania,E7G_OC,E046N094T1,100000,4600000,9400000,1,X0046_Y0004
Equi7Grid,V14,Oceania,E7G_OC,E046N093T1,100000,4600000,9300000,1,X0046_Y0005
Equi7Grid,V14,Oceania,E7G_OC,E046N090T1,100000,4600000,9000000,1,X0046_Y0008
Equi7Grid,V14,Oceania,E7G_OC,E046N089T1,100000,4600000,8900000,1,X0046_Y0009
Equi7Grid,V14,Oceania,E7G_OC,E046N088T1,100000,4600000,8800000,1,X0046_Y0010
Equi7Grid,V14,Oceania,E7G_OC,E046N087T1,100000,4600000,8700000,1,X0046_Y0011
Equi7Grid,V14,Oceania,E7G_OC,E047N099T1,100000,4700000,9900000,1,X0047_Y-001
Equi7Grid,V14,Oceania,E7G_OC,E047N100T1,100000,4700000,10000000,1,X0047_Y-002
Equi7Grid,V14,Oceania,E7G_OC,E047N098T1,100000,4700000,9800000,1,X0047_Y0000
Equi7Grid,V14,Oceania,E7G_OC,E047N097T1,100000,4700000,9700000,1,X0047_Y0001
Equi7Grid,V14,Oceania,E7G_OC,E047N096T1,100000,4700000,9600000,1,X0047_Y0002
Equi7Grid,V14,Oceania,E7G_OC,E047N095T1,100000,4700000,9500000,1,X0047_Y0003
Equi7Grid,V14,Oceania,E7G_OC,E047N094T1,100000,4700000,9400000,1,X0047_Y0004
Equi7Grid,V14,Oceania,E7G_OC,E047N093T1,100000,4700000,9300000,1,X0047_Y0005
Equi7Grid,V14,Oceania,E7G_OC,E047N089T1,100000,4700000,8900000,1,X0047_Y0009
Equi7Grid,V14,Oceania,E7G_OC,E047N088T1,100000,4700000,8800000,1,X0047_Y0010
Equi7Grid,V14,Oceania,E7G_OC,E047N087T1,100000,4700000,8700000,1,X0047_Y0011
Equi7Grid,V14,Oceania,E7G_OC,E048N099T1,100000,4800000,9900000,1,X0048_Y-001
Equi7Grid,V14,Oceania,E7G_OC,E048N100T1,100000,4800000,10000000,1,X0048_Y-002
Equi7Grid,V14,Oceania,E7G_OC,E048N101T1,100000,4800000,10100000,1,X0048_Y-003
Equi7Grid,V14,Oceania,E7G_OC,E048N098T1,100000,4800000,9800000,1,X0048_Y0000
Equi7Grid,V14,Oceania,E7G_OC,E048N097T1,100000,4800000,9700000,1,X0048_Y0001
Equi7Grid,V14,Oceania,E7G_OC,E048N096T1,100000,4800000,9600000,1,X0048_Y0002
Equi7Grid,V14,Oceania,E7G_OC,E048N095T1,100000,4800000,9500000,1,X0048_Y0003
Equi7Grid,V14,Oceania,E7G_OC,E048N094T1,100000,4800000,9400000,1,X0048_Y0004
Equi7Grid,V14,Oceania,E7G_OC,E048N093T1,100000,4800000,9300000,1,X0048_Y0005
Equi7Grid,V14,Oceania,E7G_OC,E048N090T1,100000,4800000,9000000,1,X0048_Y0008
Equi7Grid,V14,Oceania,E7G_OC,E048N089T1,100000,4800000,8900000,1,X0048_Y0009
Equi7Grid,V14,Oceania,E7G_OC,E048N088T1,100000,4800000,8800000,1,X0048_Y0010
Equi7Grid,V14,Oceania,E7G_OC,E048N087T1,100000,4800000,8700000,1,X0048_Y0011
Equi7Grid,V14,Oceania,E7G_OC,E049N099T1,100000,4900000,9900000,1,X0049_Y-001
Equi7Grid,V14,Oceania,E7G_OC,E049N100T1,100000,4900000,10000000,1,X0049_Y-002
Equi7Grid,V14,Oceania,E7G_OC,E049N101T1,100000,4900000,10100000,1,X0049_Y-003
Equi7Grid,V14,Oceania,E7G_OC,E049N102T1,100000,4900000,10200000,1,X0049_Y-004
Equi7Grid,V14,Oceania,E7G_OC,E049N108T1,100000,4900000,10800000,1,X0049_Y-010
Equi7Grid,V14,Oceania,E7G_OC,E049N098T1,100000,4900000,9800000,1,X0049_Y0000
Equi7Grid,V14,Oceania,E7G_OC,E049N097T1,100000,4900000,9700000,1,X0049_Y0001
Equi7Grid,V14,Oceania,E7G_OC,E049N096T1,100000,4900000,9600000,1,X0049_Y0002
Equi7Grid,V14,Oceania,E7G_OC,E049N095T1,100000,4900000,9500000,1,X0049_Y0003
Equi7Grid,V14,Oceania,E7G_OC,E049N094T1,100000,4900000,9400000,1,X0049_Y0004
Equi7Grid,V14,Oceania,E7G_OC,E049N093T1,100000,4900000,9300000,1,X0049_Y0005
Equi7Grid,V14,Oceania,E7G_OC,E049N089T1,100000,4900000,8900000,1,X0049_Y0009
Equi7Grid,V14,Oceania,E7G_OC,E049N088T1,100000,4900000,8800000,1,X0049_Y0010
Equi7Grid,V14,Oceania,E7G_OC,E049N087T1,100000,4900000,8700000,1,X0049_Y0011
Equi7Grid,V14,Oceania,E7G_OC,E050N099T1,100000,5000000,9900000,1,X0050_Y-001
Equi7Grid,V14,Oceania,E7G_OC,E050N100T1,100000,5000000,10000000,1,X0050_Y-002
Equi7Grid,V14,Oceania,E7G_OC,E050N101T1,100000,5000000,10100000,1,X0050_Y-003
Equi7Grid,V14,Oceania,E7G_OC,E050N102T1,100000,5000000,10200000,1,X0050_Y-004
Equi7Grid,V14,Oceania,E7G_OC,E050N103T1,100000,5000000,10300000,1,X0050_Y-005
Equi7Grid,V14,Oceania,E7G_OC,E050N108T1,100000,5000000,10800000,1,X0050_Y-010
Equi7Grid,V14,Oceania,E7G_OC,E050N109T1,100000,5000000,10900000,1,X0050_Y-011
Equi7Grid,V14,Oceania,E7G_OC,E050N098T1,100000,5000000,9800000,1,X0050_Y0000
Equi7Grid,V14,Oceania,E7G_OC,E050N097T1,100000,5000000,9700000,1,X0050_Y0001
Equi7Grid,V14,Oceania,E7G_OC,E050N096T1,100000,5000000,9600000,1,X0050_Y0002
Equi7Grid,V14,Oceania,E7G_OC,E050N095T1,100000,5000000,9500000,1,X0050_Y0003
Equi7Grid,V14,Oceania,E7G_OC,E050N094T1,100000,5000000,9400000,1,X0050_Y0004
Equi7Grid,V14,Oceania,E7G_OC,E050N093T1,100000,5000000,9300000,1,X0050_Y0005
Equi7Grid,V14,Oceania,E7G_OC,E050N092T1,100000,5000000,9200000,1,X0050_Y0006
Equi7Grid,V14,Oceania,E7G_OC,E050N089T1,100000,5000000,8900000,1,X0050_Y0009
Equi7Grid,V14,Oceania,E7G_OC,E050N088T1,100000,5000000,8800000,1,X0050_Y0010
Equi7Grid,V14,Oceania,E7G_OC,E050N087T1,100000,5000000,8700000,1,X0050_Y0011
Equi7Grid,V14,Oceania,E7G_OC,E051N099T1,100000,5100000,9900000,1,X0051_Y-001
Equi7Grid,V14,Oceania,E7G_OC,E051N100T1,100000,5100000,10000000,1,X0051_Y-002
Equi7Grid,V14,Oceania,E7G_OC,E051N101T1,100000,5100000,10100000,1,X0051_Y-003
Equi7Grid,V14,Oceania,E7G_OC,E051N102T1,100000,5100000,10200000,1,X0051_Y-004
Equi7Grid,V14,Oceania,E7G_OC,E051N103T1,100000,5100000,10300000,1,X0051_Y-005
Equi7Grid,V14,Oceania,E7G_OC,E051N109T1,100000,5100000,10900000,1,X0051_Y-011
Equi7Grid,V14,Oceania,E7G_OC,E051N098T1,100000,5100000,9800000,1,X0051_Y0000
Equi7Grid,V14,Oceania,E7G_OC,E051N097T1,100000,5100000,9700000,1,X0051_Y0001
Equi7Grid,V14,Oceania,E7G_OC,E051N096T1,100000,5100000,9600000,1,X0051_Y0002
Equi7Grid,V14,Oceania,E7G_OC,E051N095T1,100000,5100000,9500000,1,X0051_Y0003
Equi7Grid,V14,Oceania,E7G_OC,E051N094T1,100000,5100000,9400000,1,X0051_Y0004
Equi7Grid,V14,Oceania,E7G_OC,E051N093T1,100000,5100000,9300000,1,X0051_Y0005
Equi7Grid,V14,Oceania,E7G_OC,E051N092T1,100000,5100000,9200000,1,X0051_Y0006
Equi7Grid,V14,Oceania,E7G_OC,E051N089T1,100000,5100000,8900000,1,X0051_Y0009
Equi7Grid,V14,Oceania,E7G_OC,E051N088T1,100000,5100000,8800000,1,X0051_Y0010
Equi7Grid,V14,Oceania,E7G_OC,E051N087T1,100000,5100000,8700000,1,X0051_Y0011
Equi7Grid,V14,Oceania,E7G_OC,E051N073T1,100000,5100000,7300000,1,X0051_Y0025
Equi7Grid,V14,Oceania,E7G_OC,E051N072T1,100000,5100000,7200000,1,X0051_Y0026
Equi7Grid,V14,Oceania,E7G_OC,E051N071T1,100000,5100000,7100000,1,X0051_Y0027
Equi7Grid,V14,Oceania,E7G_OC,E051N070T1,100000,5100000,7000000,1,X0051_Y0028
Equi7Grid,V14,Oceania,E7G_OC,E051N069T1,100000,5100000,6900000,1,X0051_Y0029
Equi7Grid,V14,Oceania,E7G_OC,E051N068T1,100000,5100000,6800000,1,X0051_Y0030
Equi7Grid,V14,Oceania,E7G_OC,E051N067T1,100000,5100000,6700000,1,X0051_Y0031
Equi7Grid,V14,Oceania,E7G_OC,E052N099T1,100000,5200000,9900000,1,X0052_Y-001
Equi7Grid,V14,Oceania,E7G_OC,E052N100T1,100000,5200000,10000000,1,X0052_Y-002
Equi7Grid,V14,Oceania,E7G_OC,E052N101T1,100000,5200000,10100000,1,X0052_Y-003
Equi7Grid,V14,Oceania,E7G_OC,E052N102T1,100000,5200000,10200000,1,X0052_Y-004
Equi7Grid,V14,Oceania,E7G_OC,E052N103T1,100000,5200000,10300000,1,X0052_Y-005
Equi7Grid,V14,Oceania,E7G_OC,E052N104T1,100000,5200000,10400000,1,X0052_Y-006
Equi7Grid,V14,Oceania,E7G_OC,E052N105T1,100000,5200000,10500000,1,X0052_Y-007
Equi7Grid,V14,Oceania,E7G_OC,E052N098T1,100000,5200000,9800000,1,X0052_Y0000
Equi7Grid,V14,Oceania,E7G_OC,E052N097T1,100000,5200000,9700000,1,X0052_Y0001
Equi7Grid,V14,Oceania,E7G_OC,E052N096T1,100000,5200000,9600000,1,X0052_Y0002
Equi7Grid,V14,Oceania,E7G_OC,E052N095T1,100000,5200000,9500000,1,X0052_Y0003
Equi7Grid,V14,Oceania,E7G_OC,E052N094T1,100000,5200000,9400000,1,X0052_Y0004
Equi7Grid,V14,Oceania,E7G_OC,E052N093T1,100000,5200000,9300000,1,X0052_Y0005
Equi7Grid,V14,Oceania,E7G_OC,E052N092T1,100000,5200000,9200000,1,X0052_Y0006
Equi7Grid,V14,Oceania,E7G_OC,E052N089T1,100000,5200000,8900000,1,X0052_Y0009
Equi7Grid,V14,Oceania,E7G_OC,E052N088T1,100000,5200000,8800000,1,X0052_Y0010
Equi7Grid,V14,Oceania,E7G_OC,E052N087T1,100000,5200000,8700000,1,X0052_Y0011
Equi7Grid,V14,Oceania,E7G_OC,E052N073T1,100000,5200000,7300000,1,X0052_Y0025
Equi7Grid,V14,Oceania,E7G_OC,E052N072T1,100000,5200000,7200000,1,X0052_Y0026
Equi7Grid,V14,Oceania,E7G_OC,E052N071T1,100000,5200000,7100000,1,X0052_Y0027
Equi7Grid,V14,Oceania,E7G_OC,E052N070T1,100000,5200000,7000000,1,X0052_Y0028
Equi7Grid,V14,Oceania,E7G_OC,E052N069T1,100000,5200000,6900000,1,X0052_Y0029
Equi7Grid,V14,Oceania,E7G_OC,E052N068T1,100000,5200000,6800000,1,X0052_Y0030
Equi7Grid,V14,Oceania,E7G_OC,E052N067T1,100000,5200000,6700000,1,X0052_Y0031
Equi7Grid,V14,Oceania,E7G_OC,E052N066T1,100000,5200000,6600000,1,X0052_Y0032
Equi7Grid,V14,Oceania,E7G_OC,E052N065T1,100000,5200000,6500000,1,X0052_Y0033
Equi7Grid,V14,Oceania,E7G_OC,E053N099T1,100000,5300000,9900000,1,X0053_Y-001
Equi7Grid,V14,Oceania,E7G_OC,E053N100T1,100000,5300000,10000000,1,X0053_Y-002
Equi7Grid,V14,Oceania,E7G_OC,E053N101T1,100000,5300000,10100000,1,X0053_Y-003
Equi7Grid,V14,Oceania,E7G_OC,E053N102T1,100000,5300000,10200000,1,X0053_Y-004
Equi7Grid,V14,Oceania,E7G_OC,E053N103T1,100000,5300000,10300000,1,X0053_Y-005
Equi7Grid,V14,Oceania,E7G_OC,E053N104T1,100000,5300000,10400000,1,X0053_Y-006
Equi7Grid,V14,Oceania,E7G_OC,E053N105T1,100000,5300000,10500000,1,X0053_Y-007
Equi7Grid,V14,Oceania,E7G_OC,E053N106T1,100000,5300000,10600000,1,X0053_Y-008
Equi7Grid,V14,Oceania,E7G_OC,E053N107T1,100000,5300000,10700000,1,X0053_Y-009
Equi7Grid,V14,Oceania,E7G_OC,E053N098T1,100000,5300000,9800000,1,X0053_Y0000
Equi7Grid,V14,Oceania,E7G_OC,E053N097T1,100000,5300000,9700000,1,X0053_Y0001
Equi7Grid,V14,Oceania,E7G_OC,E053N096T1,100000,5300000,9600000,1,X0053_Y0002
Equi7Grid,V14,Oceania,E7G_OC,E053N095T1,100000,5300000,9500000,1,X0053_Y0003
Equi7Grid,V14,Oceania,E7G_OC,E053N094T1,100000,5300000,9400000,1,X0053_Y0004
Equi7Grid,V14,Oceania,E7G_OC,E053N088T1,100000,5300000,8800000,1,X0053_Y0010
Equi7Grid,V14,Oceania,E7G_OC,E053N087T1,100000,5300000,8700000,1,X0053_Y0011
Equi7Grid,V14,Oceania,E7G_OC,E053N074T1,100000,5300000,7400000,1,X0053_Y0024
Equi7Grid,V14,Oceania,E7G_OC,E053N073T1,100000,5300000,7300000,1,X0053_Y0025
Equi7Grid,V14,Oceania,E7G_OC,E053N072T1,100000,5300000,7200000,1,X0053_Y0026
Equi7Grid,V14,Oceania,E7G_OC,E053N071T1,100000,5300000,7100000,1,X0053_Y0027
Equi7Grid,V14,Oceania,E7G_OC,E053N070T1,100000,5300000,7000000,1,X0053_Y0028
Equi7Grid,V14,Oceania,E7G_OC,E053N069T1,100000,5300000,6900000,1,X0053_Y0029
Equi7Grid,V14,Oceania,E7G_OC,E053N068T1,100000,5300000,6800000,1,X0053_Y0030
Equi7Grid,V14,Oceania,E7G_OC,E053N067T1,100000,5300000,6700000,1,X0053_Y0031
Equi7Grid,V14,Oceania,E7G_OC,E053N066T1,100000,5300000,6600000,1,X0053_Y0032
Equi7Grid,V14,Oceania,E7G_OC,E053N065T1,100000,5300000,6500000,1,X0053_Y0033
Equi7Grid,V14,Oceania,E7G_OC,E053N064T1,100000,5300000,6400000,1,X0053_Y0034
Equi7Grid,V14,Oceania,E7G_OC,E053N063T1,100000,5300000,6300000,1,X0053_Y0035
Equi7Grid,V14,Oceania,E7G_OC,E054N099T1,100000,5400000,9900000,1,X0054_Y-001
Equi7Grid,V14,Oceania,E7G_OC,E054N100T1,100000,5400000,10000000,1,X0054_Y-002
Equi7Grid,V14,Oceania,E7G_OC,E054N101T1,100000,5400000,10100000,1,X0054_Y-003
Equi7Grid,V14,Oceania,E7G_OC,E054N102T1,100000,5400000,10200000,1,X0054_Y-004
Equi7Grid,V14,Oceania,E7G_OC,E054N103T1,100000,5400000,10300000,1,X0054_Y-005
Equi7Grid,V14,Oceania,E7G_OC,E054N104T1,100000,5400000,10400000,1,X0054_Y-006
Equi7Grid,V14,Oceania,E7G_OC,E054N105T1,100000,5400000,10500000,1,X0054_Y-007
Equi7Grid,V14,Oceania,E7G_OC,E054N107T1,100000,5400000,10700000,1,X0054_Y-009
Equi7Grid,V14,Oceania,E7G_OC,E054N108T1,100000,5400000,10800000,1,X0054_Y-010
Equi7Grid,V14,Oceania,E7G_OC,E054N098T1,100000,5400000,9800000,1,X0054_Y0000
Equi7Grid,V14,Oceania,E7G_OC,E054N097T1,100000,5400000,9700000,1,X0054_Y0001
Equi7Grid,V14,Oceania,E7G_OC,E054N096T1,100000,5400000,9600000,1,X0054_Y0002
Equi7Grid,V14,Oceania,E7G_OC,E054N088T1,100000,5400000,8800000,1,X0054_Y0010
Equi7Grid,V14,Oceania,E7G_OC,E054N087T1,100000,5400000,8700000,1,X0054_Y0011
Equi7Grid,V14,Oceania,E7G_OC,E054N074T1,100000,5400000,7400000,1,X0054_Y0024
Equi7Grid,V14,Oceania,E7G_OC,E054N073T1,100000,5400000,7300000,1,X0054_Y0025
Equi7Grid,V14,Oceania,E7G_OC,E054N072T1,100000,5400000,7200000,1,X0054_Y0026
Equi7Grid,V14,Oceania,E7G_OC,E054N071T1,100000,5400000,7100000,1,X0054_Y0027
Equi7Grid,V14,Oceania,E7G_OC,E054N070T1,100000,5400000,7000000,1,X0054_Y0028
Equi7Grid,V14,Oceania,E7G_OC,E054N069T1,100000,5400000,6900000,1,X0054_Y0029
Equi7Grid,V14,Oceania,E7G_OC,E054N068T1,100000,5400000,6800000,1,X0054_Y0030
Equi7Grid,V14,Oceania,E7G_OC,E054N067T1,100000,5400000,6700000,1,X0054_Y0031
Equi7Grid,V14,Oceania,E7G_OC,E054N066T1,100000,5400000,6600000,1,X0054_Y0032
Equi7Grid,V14,Oceania,E7G_OC,E054N065T1,100000,5400000,6500000,1,X0054_Y0033
Equi7Grid,V14,Oceania,E7G_OC,E054N064T1,100000,5400000,6400000,1,X0054_Y0034
Equi7Grid,V14,Oceania,E7G_OC,E054N063T1,100000,5400000,6300000,1,X0054_Y0035
Equi7Grid,V14,Oceania,E7G_OC,E054N062T1,100000,5400000,6200000,1,X0054_Y0036
Equi7Grid,V14,Oceania,E7G_OC,E054N061T1,100000,5400000,6100000,1,X0054_Y0037
Equi7Grid,V14,Oceania,E7G_OC,E054N060T1,100000,5400000,6000000,1,X0054_Y0038
Equi7Grid,V14,Oceania,E7G_OC,E054N059T1,100000,5400000,5900000,1,X0054_Y0039
Equi7Grid,V14,Oceania,E7G_OC,E055N099T1,100000,5500000,9900000,1,X0055_Y-001
Equi7Grid,V14,Oceania,E7G_OC,E055N100T1,100000,5500000,10000000,1,X0055_Y-002
Equi7Grid,V14,Oceania,E7G_OC,E055N102T1,100000,5500000,10200000,1,X0055_Y-004
Equi7Grid,V14,Oceania,E7G_OC,E055N103T1,100000,5500000,10300000,1,X0055_Y-005
Equi7Grid,V14,Oceania,E7G_OC,E055N104T1,100000,5500000,10400000,1,X0055_Y-006
Equi7Grid,V14,Oceania,E7G_OC,E055N105T1,100000,5500000,10500000,1,X0055_Y-007
Equi7Grid,V14,Oceania,E7G_OC,E055N108T1,100000,5500000,10800000,1,X0055_Y-010
Equi7Grid,V14,Oceania,E7G_OC,E055N109T1,100000,5500000,10900000,1,X0055_Y-011
Equi7Grid,V14,Oceania,E7G_OC,E055N110T1,100000,5500000,11000000,1,X0055_Y-012
Equi7Grid,V14,Oceania,E7G_OC,E055N098T1,100000,5500000,9800000,1,X0055_Y0000
Equi7Grid,V14,Oceania,E7G_OC,E055N095T1,100000,5500000,9500000,1,X0055_Y0003
Equi7Grid,V14,Oceania,E7G_OC,E055N094T1,100000,5500000,9400000,1,X0055_Y0004
Equi7Grid,V14,Oceania,E7G_OC,E055N093T1,100000,5500000,9300000,1,X0055_Y0005
Equi7Grid,V14,Oceania,E7G_OC,E055N088T1,100000,5500000,8800000,1,X0055_Y0010
Equi7Grid,V14,Oceania,E7G_OC,E055N087T1,100000,5500000,8700000,1,X0055_Y0011
Equi7Grid,V14,Oceania,E7G_OC,E055N075T1,100000,5500000,7500000,1,X0055_Y0023
Equi7Grid,V14,Oceania,E7G_OC,E055N074T1,100000,5500000,7400000,1,X0055_Y0024
Equi7Grid,V14,Oceania,E7G_OC,E055N073T1,100000,5500000,7300000,1,X0055_Y0025
Equi7Grid,V14,Oceania,E7G_OC,E055N072T1,100000,5500000,7200000,1,X0055_Y0026
Equi7Grid,V14,Oceania,E7G_OC,E055N071T1,100000,5500000,7100000,1,X0055_Y0027
Equi7Grid,V14,Oceania,E7G_OC,E055N070T1,100000,5500000,7000000,1,X0055_Y0028
Equi7Grid,V14,Oceania,E7G_OC,E055N069T1,100000,5500000,6900000,1,X0055_Y0029
Equi7Grid,V14,Oceania,E7G_OC,E055N068T1,100000,5500000,6800000,1,X0055_Y0030
Equi7Grid,V14,Oceania,E7G_OC,E055N067T1,100000,5500000,6700000,1,X0055_Y0031
Equi7Grid,V14,Oceania,E7G_OC,E055N066T1,100000,5500000,6600000,1,X0055_Y0032
Equi7Grid,V14,Oceania,E7G_OC,E055N065T1,100000,5500000,6500000,1,X0055_Y0033
Equi7Grid,V14,Oceania,E7G_OC,E055N064T1,100000,5500000,6400000,1,X0055_Y0034
Equi7Grid,V14,Oceania,E7G_OC,E055N063T1,100000,5500000,6300000,1,X0055_Y0035
Equi7Grid,V14,Oceania,E7G_OC,E055N062T1,100000,5500000,6200000,1,X0055_Y0036
Equi7Grid,V14,Oceania,E7G_OC,E055N061T1,100000,5500000,6100000,1,X0055_Y0037
Equi7Grid,V14,Oceania,E7G_OC,E055N060T1,100000,5500000,6000000,1,X0055_Y0038
Equi7Grid,V14,Oceania,E7G_OC,E055N059T1,100000,5500000,5900000,1,X0055_Y0039
Equi7Grid,V14,Oceania,E7G_OC,E055N058T1,100000,5500000,5800000,1,X0055_Y0040
Equi7Grid,V14,Oceania,E7G_OC,E056N102T1,100000,5600000,10200000,1,X0056_Y-004
Equi7Grid,V14,Oceania,E7G_OC,E056N103T1,100000,5600000,10300000,1,X0056_Y-005
Equi7Grid,V14,Oceania,E7G_OC,E056N107T1,100000,5600000,10700000,1,X0056_Y-009
Equi7Grid,V14,Oceania,E7G_OC,E056N109T1,100000,5600000,10900000,1,X0056_Y-011
Equi7Grid,V14,Oceania,E7G_OC,E056N110T1,100000,5600000,11000000,1,X0056_Y-012
Equi7Grid,V14,Oceania,E7G_OC,E056N111T1,100000,5600000,11100000,1,X0056_Y-013
Equi7Grid,V14,Oceania,E7G_OC,E056N113T1,100000,5600000,11300000,1,X0056_Y-015
Equi7Grid,V14,Oceania,E7G_OC,E056N114T1,100000,5600000,11400000,1,X0056_Y-016
Equi7Grid,V14,Oceania,E7G_OC,E056N115T1,100000,5600000,11500000,1,X0056_Y-017
Equi7Grid,V14,Oceania,E7G_OC,E056N116T1,100000,5600000,11600000,1,X0056_Y-018
Equi7Grid,V14,Oceania,E7G_OC,E056N098T1,100000,5600000,9800000,1,X0056_Y0000
Equi7Grid,V14,Oceania,E7G_OC,E056N097T1,100000,5600000,9700000,1,X0056_Y0001
Equi7Grid,V14,Oceania,E7G_OC,E056N096T1,100000,5600000,9600000,1,X0056_Y0002
Equi7Grid,V14,Oceania,E7G_OC,E056N095T1,100000,5600000,9500000,1,X0056_Y0003
Equi7Grid,V14,Oceania,E7G_OC,E056N094T1,100000,5600000,9400000,1,X0056_Y0004
Equi7Grid,V14,Oceania,E7G_OC,E056N093T1,100000,5600000,9300000,1,X0056_Y0005
Equi7Grid,V14,Oceania,E7G_OC,E056N092T1,100000,5600000,9200000,1,X0056_Y0006
Equi7Grid,V14,Oceania,E7G_OC,E056N091T1,100000,5600000,9100000,1,X0056_Y0007
Equi7Grid,V14,Oceania,E7G_OC,E056N088T1,100000,5600000,8800000,1,X0056_Y0010
Equi7Grid,V14,Oceania,E7G_OC,E056N087T1,100000,5600000,8700000,1,X0056_Y0011
Equi7Grid,V14,Oceania,E7G_OC,E056N086T1,100000,5600000,8600000,1,X0056_Y0012
Equi7Grid,V14,Oceania,E7G_OC,E056N075T1,100000,5600000,7500000,1,X0056_Y0023
Equi7Grid,V14,Oceania,E7G_OC,E056N074T1,100000,5600000,7400000,1,X0056_Y0024
Equi7Grid,V14,Oceania,E7G_OC,E056N073T1,100000,5600000,7300000,1,X0056_Y0025
Equi7Grid,V14,Oceania,E7G_OC,E056N072T1,100000,5600000,7200000,1,X0056_Y0026
Equi7Grid,V14,Oceania,E7G_OC,E056N071T1,100000,5600000,7100000,1,X0056_Y0027
Equi7Grid,V14,Oceania,E7G_OC,E056N070T1,100000,5600000,7000000,1,X0056_Y0028
Equi7Grid,V14,Oceania,E7G_OC,E056N069T1,100000,5600000,6900000,1,X0056_Y0029
Equi7Grid,V14,Oceania,E7G_OC,E056N068T1,100000,5600000,6800000,1,X0056_Y0030
Equi7Grid,V14,Oceania,E7G_OC,E056N067T1,100000,5600000,6700000,1,X0056_Y0031
Equi7Grid,V14,Oceania,E7G_OC,E056N066T1,100000,5600000,6600000,1,X0056_Y0032
Equi7Grid,V14,Oceania,E7G_OC,E056N065T1,100000,5600000,6500000,1,X0056_Y0033
Equi7Grid,V14,Oceania,E7G_OC,E056N064T1,100000,5600000,6400000,1,X0056_Y0034
Equi7Grid,V14,Oceania,E7G_OC,E056N063T1,100000,5600000,6300000,1,X0056_Y0035
Equi7Grid,V14,Oceania,E7G_OC,E056N062T1,100000,5600000,6200000,1,X0056_Y0036
Equi7Grid,V14,Oceania,E7G_OC,E056N061T1,100000,5600000,6100000,1,X0056_Y0037
Equi7Grid,V14,Oceania,E7G_OC,E056N060T1,100000,5600000,6000000,1,X0056_Y0038
Equi7Grid,V14,Oceania,E7G_OC,E056N059T1,100000,5600000,5900000,1,X0056_Y0039
Equi7Grid,V14,Oceania,E7G_OC,E056N058T1,100000,5600000,5800000,1,X0056_Y0040
Equi7Grid,V14,Oceania,E7G_OC,E057N099T1,100000,5700000,9900000,1,X0057_Y-001
Equi7Grid,V14,Oceania,E7G_OC,E057N103T1,100000,5700000,10300000,1,X0057_Y-005
Equi7Grid,V14,Oceania,E7G_OC,E057N104T1,100000,5700000,10400000,1,X0057_Y-006
Equi7Grid,V14,Oceania,E7G_OC,E057N109T1,100000,5700000,10900000,1,X0057_Y-011
Equi7Grid,V14,Oceania,E7G_OC,E057N110T1,100000,5700000,11000000,1,X0057_Y-012
Equi7Grid,V14,Oceania,E7G_OC,E057N111T1,100000,5700000,11100000,1,X0057_Y-013
Equi7Grid,V14,Oceania,E7G_OC,E057N112T1,100000,5700000,11200000,1,X0057_Y-014
Equi7Grid,V14,Oceania,E7G_OC,E057N113T1,100000,5700000,11300000,1,X0057_Y-015
Equi7Grid,V14,Oceania,E7G_OC,E057N114T1,100000,5700000,11400000,1,X0057_Y-016
Equi7Grid,V14,Oceania,E7G_OC,E057N115T1,100000,5700000,11500000,1,X0057_Y-017
Equi7Grid,V14,Oceania,E7G_OC,E057N116T1,100000,5700000,11600000,1,X0057_Y-018
Equi7Grid,V14,Oceania,E7G_OC,E057N117T1,100000,5700000,11700000,1,X0057_Y-019
Equi7Grid,V14,Oceania,E7G_OC,E057N118T1,100000,5700000,11800000,1,X0057_Y-020
Equi7Grid,V14,Oceania,E7G_OC,E057N098T1,100000,5700000,9800000,1,X0057_Y0000
Equi7Grid,V14,Oceania,E7G_OC,E057N097T1,100000,5700000,9700000,1,X0057_Y0001
Equi7Grid,V14,Oceania,E7G_OC,E057N096T1,100000,5700000,9600000,1,X0057_Y0002
Equi7Grid,V14,Oceania,E7G_OC,E057N095T1,100000,5700000,9500000,1,X0057_Y0003
Equi7Grid,V14,Oceania,E7G_OC,E057N094T1,100000,5700000,9400000,1,X0057_Y0004
Equi7Grid,V14,Oceania,E7G_OC,E057N093T1,100000,5700000,9300000,1,X0057_Y0005
Equi7Grid,V14,Oceania,E7G_OC,E057N092T1,100000,5700000,9200000,1,X0057_Y0006
Equi7Grid,V14,Oceania,E7G_OC,E057N091T1,100000,5700000,9100000,1,X0057_Y0007
Equi7Grid,V14,Oceania,E7G_OC,E057N090T1,100000,5700000,9000000,1,X0057_Y0008
Equi7Grid,V14,Oceania,E7G_OC,E057N089T1,100000,5700000,8900000,1,X0057_Y0009
Equi7Grid,V14,Oceania,E7G_OC,E057N088T1,100000,5700000,8800000,1,X0057_Y0010
Equi7Grid,V14,Oceania,E7G_OC,E057N087T1,100000,5700000,8700000,1,X0057_Y0011
Equi7Grid,V14,Oceania,E7G_OC,E057N086T1,100000,5700000,8600000,1,X0057_Y0012
Equi7Grid,V14,Oceania,E7G_OC,E057N075T1,100000,5700000,7500000,1,X0057_Y0023
Equi7Grid,V14,Oceania,E7G_OC,E057N074T1,100000,5700000,7400000,1,X0057_Y0024
Equi7Grid,V14,Oceania,E7G_OC,E057N073T1,100000,5700000,7300000,1,X0057_Y0025
Equi7Grid,V14,Oceania,E7G_OC,E057N072T1,100000,5700000,7200000,1,X0057_Y0026
Equi7Grid,V14,Oceania,E7G_OC,E057N071T1,100000,5700000,7100000,1,X0057_Y0027
Equi7Grid,V14,Oceania,E7G_OC,E057N070T1,100000,5700000,7000000,1,X0057_Y0028
Equi7Grid,V14,Oceania,E7G_OC,E057N069T1,100000,5700000,6900000,1,X0057_Y0029
Equi7Grid,V14,Oceania,E7G_OC,E057N068T1,100000,5700000,6800000,1,X0057_Y0030
Equi7Grid,V14,Oceania,E7G_OC,E057N067T1,100000,5700000,6700000,1,X0057_Y0031
Equi7Grid,V14,Oceania,E7G_OC,E057N066T1,100000,5700000,6600000,1,X0057_Y0032
Equi7Grid,V14,Oceania,E7G_OC,E057N065T1,100000,5700000,6500000,1,X0057_Y0033
Equi7Grid,V14,Oceania,E7G_OC,E057N064T1,100000,5700000,6400000,1,X0057_Y0034
Equi7Grid,V14,Oceania,E7G_OC,E057N063T1,100000,5700000,6300000,1,X0057_Y0035
Equi7Grid,V14,Oceania,E7G_OC,E057N062T1,100000,5700000,6200000,1,X0057_Y0036
Equi7Grid,V14,Oceania,E7G_OC,E057N061T1,100000,5700000,6100000,1,X0057_Y0037
Equi7Grid,V14,Oceania,E7G_OC,E057N060T1,100000,5700000,6000000,1,X0057_Y0038
Equi7Grid,V14,Oceania,E7G_OC,E057N059T1,100000,5700000,5900000,1,X0057_Y0039
Equi7Grid,V14,Oceania,E7G_OC,E057N058T1,100000,5700000,5800000,1,X0057_Y0040
Equi7Grid,V14,Oceania,E7G_OC,E058N099T1,100000,5800000,9900000,1,X0058_Y-001
Equi7Grid,V14,Oceania,E7G_OC,E058N104T1,100000,5800000,10400000,1,X0058_Y-006
Equi7Grid,V14,Oceania,E7G_OC,E058N105T1,100000,5800000,10500000,1,X0058_Y-007
Equi7Grid,V14,Oceania,E7G_OC,E058N108T1,100000,5800000,10800000,1,X0058_Y-010
Equi7Grid,V14,Oceania,E7G_OC,E058N109T1,100000,5800000,10900000,1,X0058_Y-011
Equi7Grid,V14,Oceania,E7G_OC,E058N110T1,100000,5800000,11000000,1,X0058_Y-012
Equi7Grid,V14,Oceania,E7G_OC,E058N111T1,100000,5800000,11100000,1,X0058_Y-013
Equi7Grid,V14,Oceania,E7G_OC,E058N112T1,100000,5800000,11200000,1,X0058_Y-014
Equi7Grid,V14,Oceania,E7G_OC,E058N113T1,100000,5800000,11300000,1,X0058_Y-015
Equi7Grid,V14,Oceania,E7G_OC,E058N114T1,100000,5800000,11400000,1,X0058_Y-016
Equi7Grid,V14,Oceania,E7G_OC,E058N115T1,100000,5800000,11500000,1,X0058_Y-017
Equi7Grid,V14,Oceania,E7G_OC,E058N116T1,100000,5800000,11600000,1,X0058_Y-018
Equi7Grid,V14,Oceania,E7G_OC,E058N117T1,100000,5800000,11700000,1,X0058_Y-019
Equi7Grid,V14,Oceania,E7G_OC,E058N118T1,100000,5800000,11800000,1,X0058_Y-020
Equi7Grid,V14,Oceania,E7G_OC,E058N119T1,100000,5800000,11900000,1,X0058_Y-021
Equi7Grid,V14,Oceania,E7G_OC,E058N120T1,100000,5800000,12000000,1,X0058_Y-022
Equi7Grid,V14,Oceania,E7G_OC,E058N121T1,100000,5800000,12100000,1,X0058_Y-023
Equi7Grid,V14,Oceania,E7G_OC,E058N098T1,100000,5800000,9800000,1,X0058_Y0000
Equi7Grid,V14,Oceania,E7G_OC,E058N097T1,100000,5800000,9700000,1,X0058_Y0001
Equi7Grid,V14,Oceania,E7G_OC,E058N096T1,100000,5800000,9600000,1,X0058_Y0002
Equi7Grid,V14,Oceania,E7G_OC,E058N095T1,100000,5800000,9500000,1,X0058_Y0003
Equi7Grid,V14,Oceania,E7G_OC,E058N094T1,100000,5800000,9400000,1,X0058_Y0004
Equi7Grid,V14,Oceania,E7G_OC,E058N093T1,100000,5800000,9300000,1,X0058_Y0005
Equi7Grid,V14,Oceania,E7G_OC,E058N092T1,100000,5800000,9200000,1,X0058_Y0006
Equi7Grid,V14,Oceania,E7G_OC,E058N089T1,100000,5800000,8900000,1,X0058_Y0009
Equi7Grid,V14,Oceania,E7G_OC,E058N088T1,100000,5800000,8800000,1,X0058_Y0010
Equi7Grid,V14,Oceania,E7G_OC,E058N087T1,100000,5800000,8700000,1,X0058_Y0011
Equi7Grid,V14,Oceania,E7G_OC,E058N086T1,100000,5800000,8600000,1,X0058_Y0012
Equi7Grid,V14,Oceania,E7G_OC,E058N076T1,100000,5800000,7600000,1,X0058_Y0022
Equi7Grid,V14,Oceania,E7G_OC,E058N075T1,100000,5800000,7500000,1,X0058_Y0023
Equi7Grid,V14,Oceania,E7G_OC,E058N074T1,100000,5800000,7400000,1,X0058_Y0024
Equi7Grid,V14,Oceania,E7G_OC,E058N073T1,100000,5800000,7300000,1,X0058_Y0025
Equi7Grid,V14,Oceania,E7G_OC,E058N072T1,100000,5800000,7200000,1,X0058_Y0026
Equi7Grid,V14,Oceania,E7G_OC,E058N071T1,100000,5800000,7100000,1,X0058_Y0027
Equi7Grid,V14,Oceania,E7G_OC,E058N070T1,100000,5800000,7000000,1,X0058_Y0028
Equi7Grid,V14,Oceania,E7G_OC,E058N069T1,100000,5800000,6900000,1,X0058_Y0029
Equi7Grid,V14,Oceania,E7G_OC,E058N068T1,100000,5800000,6800000,1,X0058_Y0030
Equi7Grid,V14,Oceania,E7G_OC,E058N067T1,100000,5800000,6700000,1,X0058_Y0031
Equi7Grid,V14,Oceania,E7G_OC,E058N066T1,100000,5800000,6600000,1,X0058_Y0032
Equi7Grid,V14,Oceania,E7G_OC,E058N065T1,100000,5800000,6500000,1,X0058_Y0033
Equi7Grid,V14,Oceania,E7G_OC,E058N064T1,100000,5800000,6400000,1,X0058_Y0034
Equi7Grid,V14,Oceania,E7G_OC,E058N063T1,100000,5800000,6300000,1,X0058_Y0035
Equi7Grid,V14,Oceania,E7G_OC,E058N062T1,100000,5800000,6200000,1,X0058_Y0036
Equi7Grid,V14,Oceania,E7G_OC,E058N061T1,100000,5800000,6100000,1,X0058_Y0037
Equi7Grid,V14,Oceania,E7G_OC,E058N060T1,100000,5800000,6000000,1,X0058_Y0038
Equi7Grid,V14,Oceania,E7G_OC,E058N059T1,100000,5800000,5900000,1,X0058_Y0039
Equi7Grid,V14,Oceania,E7G_OC,E059N099T1,100000,5900000,9900000,1,X0059_Y-001
Equi7Grid,V14,Oceania,E7G_OC,E059N105T1,100000,5900000,10500000,1,X0059_Y-007
Equi7Grid,V14,Oceania,E7G_OC,E059N106T1,100000,5900000,10600000,1,X0059_Y-008
Equi7Grid,V14,Oceania,E7G_OC,E059N107T1,100000,5900000,10700000,1,X0059_Y-009
Equi7Grid,V14,Oceania,E7G_OC,E059N108T1,100000,5900000,10800000,1,X0059_Y-010
Equi7Grid,V14,Oceania,E7G_OC,E059N109T1,100000,5900000,10900000,1,X0059_Y-011
Equi7Grid,V14,Oceania,E7G_OC,E059N110T1,100000,5900000,11000000,1,X0059_Y-012
Equi7Grid,V14,Oceania,E7G_OC,E059N111T1,100000,5900000,11100000,1,X0059_Y-013
Equi7Grid,V14,Oceania,E7G_OC,E059N112T1,100000,5900000,11200000,1,X0059_Y-014
Equi7Grid,V14,Oceania,E7G_OC,E059N113T1,100000,5900000,11300000,1,X0059_Y-015
Equi7Grid,V14,Oceania,E7G_OC,E059N114T1,100000,5900000,11400000,1,X0059_Y-016
Equi7Grid,V14,Oceania,E7G_OC,E059N115T1,100000,5900000,11500000,1,X0059_Y-017
Equi7Grid,V14,Oceania,E7G_OC,E059N116T1,100000,5900000,11600000,1,X0059_Y-018
Equi7Grid,V14,Oceania,E7G_OC,E059N117T1,100000,5900000,11700000,1,X0059_Y-019
Equi7Grid,V14,Oceania,E7G_OC,E059N118T1,100000,5900000,11800000,1,X0059_Y-020
Equi7Grid,V14,Oceania,E7G_OC,E059N119T1,100000,5900000,11900000,1,X0059_Y-021
Equi7Grid,V14,Oceania,E7G_OC,E059N120T1,100000,5900000,12000000,1,X0059_Y-022
Equi7Grid,V14,Oceania,E7G_OC,E059N121T1,100000,5900000,12100000,1,X0059_Y-023
Equi7Grid,V14,Oceania,E7G_OC,E059N098T1,100000,5900000,9800000,1,X0059_Y0000
Equi7Grid,V14,Oceania,E7G_OC,E059N097T1,100000,5900000,9700000,1,X0059_Y0001
Equi7Grid,V14,Oceania,E7G_OC,E059N096T1,100000,5900000,9600000,1,X0059_Y0002
Equi7Grid,V14,Oceania,E7G_OC,E059N095T1,100000,5900000,9500000,1,X0059_Y0003
Equi7Grid,V14,Oceania,E7G_OC,E059N094T1,100000,5900000,9400000,1,X0059_Y0004
Equi7Grid,V14,Oceania,E7G_OC,E059N093T1,100000,5900000,9300000,1,X0059_Y0005
Equi7Grid,V14,Oceania,E7G_OC,E059N092T1,100000,5900000,9200000,1,X0059_Y0006
Equi7Grid,V14,Oceania,E7G_OC,E059N091T1,100000,5900000,9100000,1,X0059_Y0007
Equi7Grid,V14,Oceania,E7G_OC,E059N089T1,100000,5900000,8900000,1,X0059_Y0009
Equi7Grid,V14,Oceania,E7G_OC,E059N088T1,100000,5900000,8800000,1,X0059_Y0010
Equi7Grid,V14,Oceania,E7G_OC,E059N086T1,100000,5900000,8600000,1,X0059_Y0012
Equi7Grid,V14,Oceania,E7G_OC,E059N078T1,100000,5900000,7800000,1,X0059_Y0020
Equi7Grid,V14,Oceania,E7G_OC,E059N077T1,100000,5900000,7700000,1,X0059_Y0021
Equi7Grid,V14,Oceania,E7G_OC,E059N076T1,100000,5900000,7600000,1,X0059_Y0022
Equi7Grid,V14,Oceania,E7G_OC,E059N075T1,100000,5900000,7500000,1,X0059_Y0023
Equi7Grid,V14,Oceania,E7G_OC,E059N074T1,100000,5900000,7400000,1,X0059_Y0024
Equi7Grid,V14,Oceania,E7G_OC,E059N073T1,100000,5900000,7300000,1,X0059_Y0025
Equi7Grid,V14,Oceania,E7G_OC,E059N072T1,100000,5900000,7200000,1,X0059_Y0026
Equi7Grid,V14,Oceania,E7G_OC,E059N071T1,100000,5900000,7100000,1,X0059_Y0027
Equi7Grid,V14,Oceania,E7G_OC,E059N070T1,100000,5900000,7000000,1,X0059_Y0028
Equi7Grid,V14,Oceania,E7G_OC,E059N069T1,100000,5900000,6900000,1,X0059_Y0029
Equi7Grid,V14,Oceania,E7G_OC,E059N068T1,100000,5900000,6800000,1,X0059_Y0030
Equi7Grid,V14,Oceania,E7G_OC,E059N067T1,100000,5900000,6700000,1,X0059_Y0031
Equi7Grid,V14,Oceania,E7G_OC,E059N066T1,100000,5900000,6600000,1,X0059_Y0032
Equi7Grid,V14,Oceania,E7G_OC,E059N065T1,100000,5900000,6500000,1,X0059_Y0033
Equi7Grid,V14,Oceania,E7G_OC,E059N064T1,100000,5900000,6400000,1,X0059_Y0034
Equi7Grid,V14,Oceania,E7G_OC,E059N063T1,100000,5900000,6300000,1,X0059_Y0035
Equi7Grid,V14,Oceania,E7G_OC,E059N062T1,100000,5900000,6200000,1,X0059_Y0036
Equi7Grid,V14,Oceania,E7G_OC,E059N061T1,100000,5900000,6100000,1,X0059_Y0037
Equi7Grid,V14,Oceania,E7G_OC,E059N060T1,100000,5900000,6000000,1,X0059_Y0038
Equi7Grid,V14,Oceania,E7G_OC,E060N099T1,100000,6000000,9900000,1,X0060_Y-001
Equi7Grid,V14,Oceania,E7G_OC,E060N106T1,100000,6000000,10600000,1,X0060_Y-008
Equi7Grid,V14,Oceania,E7G_OC,E060N107T1,100000,6000000,10700000,1,X0060_Y-009
Equi7Grid,V14,Oceania,E7G_OC,E060N108T1,100000,6000000,10800000,1,X0060_Y-010
Equi7Grid,V14,Oceania,E7G_OC,E060N109T1,100000,6000000,10900000,1,X0060_Y-011
Equi7Grid,V14,Oceania,E7G_OC,E060N110T1,100000,6000000,11000000,1,X0060_Y-012
Equi7Grid,V14,Oceania,E7G_OC,E060N111T1,100000,6000000,11100000,1,X0060_Y-013
Equi7Grid,V14,Oceania,E7G_OC,E060N112T1,100000,6000000,11200000,1,X0060_Y-014
Equi7Grid,V14,Oceania,E7G_OC,E060N113T1,100000,6000000,11300000,1,X0060_Y-015
Equi7Grid,V14,Oceania,E7G_OC,E060N098T1,100000,6000000,9800000,1,X0060_Y0000
Equi7Grid,V14,Oceania,E7G_OC,E060N097T1,100000,6000000,9700000,1,X0060_Y0001
Equi7Grid,V14,Oceania,E7G_OC,E060N096T1,100000,6000000,9600000,1,X0060_Y0002
Equi7Grid,V14,Oceania,E7G_OC,E060N095T1,100000,6000000,9500000,1,X0060_Y0003
Equi7Grid,V14,Oceania,E7G_OC,E060N094T1,100000,6000000,9400000,1,X0060_Y0004
Equi7Grid,V14,Oceania,E7G_OC,E060N093T1,100000,6000000,9300000,1,X0060_Y0005
Equi7Grid,V14,Oceania,E7G_OC,E060N092T1,100000,6000000,9200000,1,X0060_Y0006
Equi7Grid,V14,Oceania,E7G_OC,E060N091T1,100000,6000000,9100000,1,X0060_Y0007
Equi7Grid,V14,Oceania,E7G_OC,E060N089T1,100000,6000000,8900000,1,X0060_Y0009
Equi7Grid,V14,Oceania,E7G_OC,E060N088T1,100000,6000000,8800000,1,X0060_Y0010
Equi7Grid,V14,Oceania,E7G_OC,E060N086T1,100000,6000000,8600000,1,X0060_Y0012
Equi7Grid,V14,Oceania,E7G_OC,E060N085T1,100000,6000000,8500000,1,X0060_Y0013
Equi7Grid,V14,Oceania,E7G_OC,E060N079T1,100000,6000000,7900000,1,X0060_Y0019
Equi7Grid,V14,Oceania,E7G_OC,E060N078T1,100000,6000000,7800000,1,X0060_Y0020
Equi7Grid,V14,Oceania,E7G_OC,E060N077T1,100000,6000000,7700000,1,X0060_Y0021
Equi7Grid,V14,Oceania,E7G_OC,E060N076T1,100000,6000000,7600000,1,X0060_Y0022
Equi7Grid,V14,Oceania,E7G_OC,E060N075T1,100000,6000000,7500000,1,X0060_Y0023
Equi7Grid,V14,Oceania,E7G_OC,E060N074T1,100000,6000000,7400000,1,X0060_Y0024
Equi7Grid,V14,Oceania,E7G_OC,E060N073T1,100000,6000000,7300000,1,X0060_Y0025
Equi7Grid,V14,Oceania,E7G_OC,E060N072T1,100000,6000000,7200000,1,X0060_Y0026
Equi7Grid,V14,Oceania,E7G_OC,E060N071T1,100000,6000000,7100000,1,X0060_Y0027
Equi7Grid,V14,Oceania,E7G_OC,E060N070T1,100000,6000000,7000000,1,X0060_Y0028
Equi7Grid,V14,Oceania,E7G_OC,E060N069T1,100000,6000000,6900000,1,X0060_Y0029
Equi7Grid,V14,Oceania,E7G_OC,E060N068T1,100000,6000000,6800000,1,X0060_Y0030
Equi7Grid,V14,Oceania,E7G_OC,E060N067T1,100000,6000000,6700000,1,X0060_Y0031
Equi7Grid,V14,Oceania,E7G_OC,E060N066T1,100000,6000000,6600000,1,X0060_Y0032
Equi7Grid,V14,Oceania,E7G_OC,E060N065T1,100000,6000000,6500000,1,X0060_Y0033
Equi7Grid,V14,Oceania,E7G_OC,E060N064T1,100000,6000000,6400000,1,X0060_Y0034
Equi7Grid,V14,Oceania,E7G_OC,E060N063T1,100000,6000000,6300000,1,X0060_Y0035
Equi7Grid,V14,Oceania,E7G_OC,E060N062T1,100000,6000000,6200000,1,X0060_Y0036
Equi7Grid,V14,Oceania,E7G_OC,E060N061T1,100000,6000000,6100000,1,X0060_Y0037
Equi7Grid,V14,Oceania,E7G_OC,E060N060T1,100000,6000000,6000000,1,X0060_Y0038
Equi7Grid,V14,Oceania,E7G_OC,E061N099T1,100000,6100000,9900000,1,X0061_Y-001
Equi7Grid,V14,Oceania,E7G_OC,E061N104T1,100000,6100000,10400000,1,X0061_Y-006
Equi7Grid,V14,Oceania,E7G_OC,E061N105T1,100000,6100000,10500000,1,X0061_Y-007
Equi7Grid,V14,Oceania,E7G_OC,E061N106T1,100000,6100000,10600000,1,X0061_Y-008
Equi7Grid,V14,Oceania,E7G_OC,E061N107T1,100000,6100000,10700000,1,X0061_Y-009
Equi7Grid,V14,Oceania,E7G_OC,E061N108T1,100000,6100000,10800000,1,X0061_Y-010
Equi7Grid,V14,Oceania,E7G_OC,E061N109T1,100000,6100000,10900000,1,X0061_Y-011
Equi7Grid,V14,Oceania,E7G_OC,E061N110T1,100000,6100000,11000000,1,X0061_Y-012
Equi7Grid,V14,Oceania,E7G_OC,E061N111T1,100000,6100000,11100000,1,X0061_Y-013
Equi7Grid,V14,Oceania,E7G_OC,E061N112T1,100000,6100000,11200000,1,X0061_Y-014
Equi7Grid,V14,Oceania,E7G_OC,E061N113T1,100000,6100000,11300000,1,X0061_Y-015
Equi7Grid,V14,Oceania,E7G_OC,E061N098T1,100000,6100000,9800000,1,X0061_Y0000
Equi7Grid,V14,Oceania,E7G_OC,E061N096T1,100000,6100000,9600000,1,X0061_Y0002
Equi7Grid,V14,Oceania,E7G_OC,E061N095T1,100000,6100000,9500000,1,X0061_Y0003
Equi7Grid,V14,Oceania,E7G_OC,E061N092T1,100000,6100000,9200000,1,X0061_Y0006
Equi7Grid,V14,Oceania,E7G_OC,E061N091T1,100000,6100000,9100000,1,X0061_Y0007
Equi7Grid,V14,Oceania,E7G_OC,E061N088T1,100000,6100000,8800000,1,X0061_Y0010
Equi7Grid,V14,Oceania,E7G_OC,E061N087T1,100000,6100000,8700000,1,X0061_Y0011
Equi7Grid,V14,Oceania,E7G_OC,E061N086T1,100000,6100000,8600000,1,X0061_Y0012
Equi7Grid,V14,Oceania,E7G_OC,E061N084T1,100000,6100000,8400000,1,X0061_Y0014
Equi7Grid,V14,Oceania,E7G_OC,E061N080T1,100000,6100000,8000000,1,X0061_Y0018
Equi7Grid,V14,Oceania,E7G_OC,E061N079T1,100000,6100000,7900000,1,X0061_Y0019
Equi7Grid,V14,Oceania,E7G_OC,E061N078T1,100000,6100000,7800000,1,X0061_Y0020
Equi7Grid,V14,Oceania,E7G_OC,E061N077T1,100000,6100000,7700000,1,X0061_Y0021
Equi7Grid,V14,Oceania,E7G_OC,E061N076T1,100000,6100000,7600000,1,X0061_Y0022
Equi7Grid,V14,Oceania,E7G_OC,E061N075T1,100000,6100000,7500000,1,X0061_Y0023
Equi7Grid,V14,Oceania,E7G_OC,E061N074T1,100000,6100000,7400000,1,X0061_Y0024
Equi7Grid,V14,Oceania,E7G_OC,E061N073T1,100000,6100000,7300000,1,X0061_Y0025
Equi7Grid,V14,Oceania,E7G_OC,E061N072T1,100000,6100000,7200000,1,X0061_Y0026
Equi7Grid,V14,Oceania,E7G_OC,E061N071T1,100000,6100000,7100000,1,X0061_Y0027
Equi7Grid,V14,Oceania,E7G_OC,E061N070T1,100000,6100000,7000000,1,X0061_Y0028
Equi7Grid,V14,Oceania,E7G_OC,E061N069T1,100000,6100000,6900000,1,X0061_Y0029
Equi7Grid,V14,Oceania,E7G_OC,E061N068T1,100000,6100000,6800000,1,X0061_Y0030
Equi7Grid,V14,Oceania,E7G_OC,E061N067T1,100000,6100000,6700000,1,X0061_Y0031
Equi7Grid,V14,Oceania,E7G_OC,E061N066T1,100000,6100000,6600000,1,X0061_Y0032
Equi7Grid,V14,Oceania,E7G_OC,E061N065T1,100000,6100000,6500000,1,X0061_Y0033
Equi7Grid,V14,Oceania,E7G_OC,E061N064T1,100000,6100000,6400000,1,X0061_Y0034
Equi7Grid,V14,Oceania,E7G_OC,E061N063T1,100000,6100000,6300000,1,X0061_Y0035
Equi7Grid,V14,Oceania,E7G_OC,E061N062T1,100000,6100000,6200000,1,X0061_Y0036
Equi7Grid,V14,Oceania,E7G_OC,E061N061T1,100000,6100000,6100000,1,X0061_Y0037
Equi7Grid,V14,Oceania,E7G_OC,E061N060T1,100000,6100000,6000000,1,X0061_Y0038
Equi7Grid,V14,Oceania,E7G_OC,E062N099T1,100000,6200000,9900000,1,X0062_Y-001
Equi7Grid,V14,Oceania,E7G_OC,E062N100T1,100000,6200000,10000000,1,X0062_Y-002
Equi7Grid,V14,Oceania,E7G_OC,E062N101T1,100000,6200000,10100000,1,X0062_Y-003
Equi7Grid,V14,Oceania,E7G_OC,E062N102T1,100000,6200000,10200000,1,X0062_Y-004
Equi7Grid,V14,Oceania,E7G_OC,E062N103T1,100000,6200000,10300000,1,X0062_Y-005
Equi7Grid,V14,Oceania,E7G_OC,E062N104T1,100000,6200000,10400000,1,X0062_Y-006
Equi7Grid,V14,Oceania,E7G_OC,E062N105T1,100000,6200000,10500000,1,X0062_Y-007
Equi7Grid,V14,Oceania,E7G_OC,E062N106T1,100000,6200000,10600000,1,X0062_Y-008
Equi7Grid,V14,Oceania,E7G_OC,E062N107T1,100000,6200000,10700000,1,X0062_Y-009
Equi7Grid,V14,Oceania,E7G_OC,E062N108T1,100000,6200000,10800000,1,X0062_Y-010
Equi7Grid,V14,Oceania,E7G_OC,E062N109T1,100000,6200000,10900000,1,X0062_Y-011
Equi7Grid,V14,Oceania,E7G_OC,E062N110T1,100000,6200000,11000000,1,X0062_Y-012
Equi7Grid,V14,Oceania,E7G_OC,E062N111T1,100000,6200000,11100000,1,X0062_Y-013
Equi7Grid,V14,Oceania,E7G_OC,E062N098T1,100000,6200000,9800000,1,X0062_Y0000
Equi7Grid,V14,Oceania,E7G_OC,E062N096T1,100000,6200000,9600000,1,X0062_Y0002
Equi7Grid,V14,Oceania,E7G_OC,E062N095T1,100000,6200000,9500000,1,X0062_Y0003
Equi7Grid,V14,Oceania,E7G_OC,E062N089T1,100000,6200000,8900000,1,X0062_Y0009
Equi7Grid,V14,Oceania,E7G_OC,E062N088T1,100000,6200000,8800000,1,X0062_Y0010
Equi7Grid,V14,Oceania,E7G_OC,E062N087T1,100000,6200000,8700000,1,X0062_Y0011
Equi7Grid,V14,Oceania,E7G_OC,E062N086T1,100000,6200000,8600000,1,X0062_Y0012
Equi7Grid,V14,Oceania,E7G_OC,E062N081T1,100000,6200000,8100000,1,X0062_Y0017
Equi7Grid,V14,Oceania,E7G_OC,E062N080T1,100000,6200000,8000000,1,X0062_Y0018
Equi7Grid,V14,Oceania,E7G_OC,E062N079T1,100000,6200000,7900000,1,X0062_Y0019
Equi7Grid,V14,Oceania,E7G_OC,E062N078T1,100000,6200000,7800000,1,X0062_Y0020
Equi7Grid,V14,Oceania,E7G_OC,E062N077T1,100000,6200000,7700000,1,X0062_Y0021
Equi7Grid,V14,Oceania,E7G_OC,E062N076T1,100000,6200000,7600000,1,X0062_Y0022
Equi7Grid,V14,Oceania,E7G_OC,E062N075T1,100000,6200000,7500000,1,X0062_Y0023
Equi7Grid,V14,Oceania,E7G_OC,E062N074T1,100000,6200000,7400000,1,X0062_Y0024
Equi7Grid,V14,Oceania,E7G_OC,E062N073T1,100000,6200000,7300000,1,X0062_Y0025
Equi7Grid,V14,Oceania,E7G_OC,E062N072T1,100000,6200000,7200000,1,X0062_Y0026
Equi7Grid,V14,Oceania,E7G_OC,E062N071T1,100000,6200000,7100000,1,X0062_Y0027
Equi7Grid,V14,Oceania,E7G_OC,E062N070T1,100000,6200000,7000000,1,X0062_Y0028
Equi7Grid,V14,Oceania,E7G_OC,E062N069T1,100000,6200000,6900000,1,X0062_Y0029
Equi7Grid,V14,Oceania,E7G_OC,E062N068T1,100000,6200000,6800000,1,X0062_Y0030
Equi7Grid,V14,Oceania,E7G_OC,E062N067T1,100000,6200000,6700000,1,X0062_Y0031
Equi7Grid,V14,Oceania,E7G_OC,E062N066T1,100000,6200000,6600000,1,X0062_Y0032
Equi7Grid,V14,Oceania,E7G_OC,E062N065T1,100000,6200000,6500000,1,X0062_Y0033
Equi7Grid,V14,Oceania,E7G_OC,E062N064T1,100000,6200000,6400000,1,X0062_Y0034
Equi7Grid,V14,Oceania,E7G_OC,E062N063T1,100000,6200000,6300000,1,X0062_Y0035
Equi7Grid,V14,Oceania,E7G_OC,E062N062T1,100000,6200000,6200000,1,X0062_Y0036
Equi7Grid,V14,Oceania,E7G_OC,E062N061T1,100000,6200000,6100000,1,X0062_Y0037
Equi7Grid,V14,Oceania,E7G_OC,E062N060T1,100000,6200000,6000000,1,X0062_Y0038
Equi7Grid,V14,Oceania,E7G_OC,E063N101T1,100000,6300000,10100000,1,X0063_Y-003
Equi7Grid,V14,Oceania,E7G_OC,E063N102T1,100000,6300000,10200000,1,X0063_Y-004
Equi7Grid,V14,Oceania,E7G_OC,E063N104T1,100000,6300000,10400000,1,X0063_Y-006
Equi7Grid,V14,Oceania,E7G_OC,E063N105T1,100000,6300000,10500000,1,X0063_Y-007
Equi7Grid,V14,Oceania,E7G_OC,E063N106T1,100000,6300000,10600000,1,X0063_Y-008
Equi7Grid,V14,Oceania,E7G_OC,E063N107T1,100000,6300000,10700000,1,X0063_Y-009
Equi7Grid,V14,Oceania,E7G_OC,E063N108T1,100000,6300000,10800000,1,X0063_Y-010
Equi7Grid,V14,Oceania,E7G_OC,E063N109T1,100000,6300000,10900000,1,X0063_Y-011
Equi7Grid,V14,Oceania,E7G_OC,E063N110T1,100000,6300000,11000000,1,X0063_Y-012
Equi7Grid,V14,Oceania,E7G_OC,E063N111T1,100000,6300000,11100000,1,X0063_Y-013
Equi7Grid,V14,Oceania,E7G_OC,E063N096T1,100000,6300000,9600000,1,X0063_Y0002
Equi7Grid,V14,Oceania,E7G_OC,E063N095T1,100000,6300000,9500000,1,X0063_Y0003
Equi7Grid,V14,Oceania,E7G_OC,E063N094T1,100000,6300000,9400000,1,X0063_Y0004
Equi7Grid,V14,Oceania,E7G_OC,E063N089T1,100000,6300000,8900000,1,X0063_Y0009
Equi7Grid,V14,Oceania,E7G_OC,E063N088T1,100000,6300000,8800000,1,X0063_Y0010
Equi7Grid,V14,Oceania,E7G_OC,E063N087T1,100000,6300000,8700000,1,X0063_Y0011
Equi7Grid,V14,Oceania,E7G_OC,E063N082T1,100000,6300000,8200000,1,X0063_Y0016
Equi7Grid,V14,Oceania,E7G_OC,E063N081T1,100000,6300000,8100000,1,X0063_Y0017
Equi7Grid,V14,Oceania,E7G_OC,E063N080T1,100000,6300000,8000000,1,X0063_Y0018
Equi7Grid,V14,Oceania,E7G_OC,E063N079T1,100000,6300000,7900000,1,X0063_Y0019
Equi7Grid,V14,Oceania,E7G_OC,E063N078T1,100000,6300000,7800000,1,X0063_Y0020
Equi7Grid,V14,Oceania,E7G_OC,E063N077T1,100000,6300000,7700000,1,X0063_Y0021
Equi7Grid,V14,Oceania,E7G_OC,E063N076T1,100000,6300000,7600000,1,X0063_Y0022
Equi7Grid,V14,Oceania,E7G_OC,E063N075T1,100000,6300000,7500000,1,X0063_Y0023
Equi7Grid,V14,Oceania,E7G_OC,E063N074T1,100000,6300000,7400000,1,X0063_Y0024
Equi7Grid,V14,Oceania,E7G_OC,E063N073T1,100000,6300000,7300000,1,X0063_Y0025
Equi7Grid,V14,Oceania,E7G_OC,E063N072T1,100000,6300000,7200000,1,X0063_Y0026
Equi7Grid,V14,Oceania,E7G_OC,E063N071T1,100000,6300000,7100000,1,X0063_Y0027
Equi7Grid,V14,Oceania,E7G_OC,E063N070T1,100000,6300000,7000000,1,X0063_Y0028
Equi7Grid,V14,Oceania,E7G_OC,E063N069T1,100000,6300000,6900000,1,X0063_Y0029
Equi7Grid,V14,Oceania,E7G_OC,E063N068T1,100000,6300000,6800000,1,X0063_Y0030
Equi7Grid,V14,Oceania,E7G_OC,E063N067T1,100000,6300000,6700000,1,X0063_Y0031
Equi7Grid,V14,Oceania,E7G_OC,E063N066T1,100000,6300000,6600000,1,X0063_Y0032
Equi7Grid,V14,Oceania,E7G_OC,E063N065T1,100000,6300000,6500000,1,X0063_Y0033
Equi7Grid,V14,Oceania,E7G_OC,E063N064T1,100000,6300000,6400000,1,X0063_Y0034
Equi7Grid,V14,Oceania,E7G_OC,E063N063T1,100000,6300000,6300000,1,X0063_Y0035
Equi7Grid,V14,Oceania,E7G_OC,E063N062T1,100000,6300000,6200000,1,X0063_Y0036
Equi7Grid,V14,Oceania,E7G_OC,E063N061T1,100000,6300000,6100000,1,X0063_Y0037
Equi7Grid,V14,Oceania,E7G_OC,E064N099T1,100000,6400000,9900000,1,X0064_Y-001
Equi7Grid,V14,Oceania,E7G_OC,E064N102T1,100000,6400000,10200000,1,X0064_Y-004
Equi7Grid,V14,Oceania,E7G_OC,E064N103T1,100000,6400000,10300000,1,X0064_Y-005
Equi7Grid,V14,Oceania,E7G_OC,E064N104T1,100000,6400000,10400000,1,X0064_Y-006
Equi7Grid,V14,Oceania,E7G_OC,E064N105T1,100000,6400000,10500000,1,X0064_Y-007
Equi7Grid,V14,Oceania,E7G_OC,E064N106T1,100000,6400000,10600000,1,X0064_Y-008
Equi7Grid,V14,Oceania,E7G_OC,E064N107T1,100000,6400000,10700000,1,X0064_Y-009
Equi7Grid,V14,Oceania,E7G_OC,E064N097T1,100000,6400000,9700000,1,X0064_Y0001
Equi7Grid,V14,Oceania,E7G_OC,E064N096T1,100000,6400000,9600000,1,X0064_Y0002
Equi7Grid,V14,Oceania,E7G_OC,E064N094T1,100000,6400000,9400000,1,X0064_Y0004
Equi7Grid,V14,Oceania,E7G_OC,E064N093T1,100000,6400000,9300000,1,X0064_Y0005
Equi7Grid,V14,Oceania,E7G_OC,E064N089T1,100000,6400000,8900000,1,X0064_Y0009
Equi7Grid,V14,Oceania,E7G_OC,E064N088T1,100000,6400000,8800000,1,X0064_Y0010
Equi7Grid,V14,Oceania,E7G_OC,E064N082T1,100000,6400000,8200000,1,X0064_Y0016
Equi7Grid,V14,Oceania,E7G_OC,E064N081T1,100000,6400000,8100000,1,X0064_Y0017
Equi7Grid,V14,Oceania,E7G_OC,E064N080T1,100000,6400000,8000000,1,X0064_Y0018
Equi7Grid,V14,Oceania,E7G_OC,E064N079T1,100000,6400000,7900000,1,X0064_Y0019
Equi7Grid,V14,Oceania,E7G_OC,E064N078T1,100000,6400000,7800000,1,X0064_Y0020
Equi7Grid,V14,Oceania,E7G_OC,E064N077T1,100000,6400000,7700000,1,X0064_Y0021
Equi7Grid,V14,Oceania,E7G_OC,E064N076T1,100000,6400000,7600000,1,X0064_Y0022
Equi7Grid,V14,Oceania,E7G_OC,E064N075T1,100000,6400000,7500000,1,X0064_Y0023
Equi7Grid,V14,Oceania,E7G_OC,E064N074T1,100000,6400000,7400000,1,X0064_Y0024
Equi7Grid,V14,Oceania,E7G_OC,E064N073T1,100000,6400000,7300000,1,X0064_Y0025
Equi7Grid,V14,Oceania,E7G_OC,E064N072T1,100000,6400000,7200000,1,X0064_Y0026
Equi7Grid,V14,Oceania,E7G_OC,E064N071T1,100000,6400000,7100000,1,X0064_Y0027
Equi7Grid,V14,Oceania,E7G_OC,E064N070T1,100000,6400000,7000000,1,X0064_Y0028
Equi7Grid,V14,Oceania,E7G_OC,E064N069T1,100000,6400000,6900000,1,X0064_Y0029
Equi7Grid,V14,Oceania,E7G_OC,E064N068T1,100000,6400000,6800000,1,X0064_Y0030
Equi7Grid,V14,Oceania,E7G_OC,E064N067T1,100000,6400000,6700000,1,X0064_Y0031
Equi7Grid,V14,Oceania,E7G_OC,E064N066T1,100000,6400000,6600000,1,X0064_Y0032
Equi7Grid,V14,Oceania,E7G_OC,E064N065T1,100000,6400000,6500000,1,X0064_Y0033
Equi7Grid,V14,Oceania,E7G_OC,E064N064T1,100000,6400000,6400000,1,X0064_Y0034
Equi7Grid,V14,Oceania,E7G_OC,E064N063T1,100000,6400000,6300000,1,X0064_Y0035
Equi7Grid,V14,Oceania,E7G_OC,E064N062T1,100000,6400000,6200000,1,X0064_Y0036
Equi7Grid,V14,Oceania,E7G_OC,E064N061T1,100000,6400000,6100000,1,X0064_Y0037
Equi7Grid,V14,Oceania,E7G_OC,E065N099T1,100000,6500000,9900000,1,X0065_Y-001
Equi7Grid,V14,Oceania,E7G_OC,E065N100T1,100000,6500000,10000000,1,X0065_Y-002
Equi7Grid,V14,Oceania,E7G_OC,E065N098T1,100000,6500000,9800000,1,X0065_Y0000
Equi7Grid,V14,Oceania,E7G_OC,E065N097T1,100000,6500000,9700000,1,X0065_Y0001
Equi7Grid,V14,Oceania,E7G_OC,E065N096T1,100000,6500000,9600000,1,X0065_Y0002
Equi7Grid,V14,Oceania,E7G_OC,E065N094T1,100000,6500000,9400000,1,X0065_Y0004
Equi7Grid,V14,Oceania,E7G_OC,E065N093T1,100000,6500000,9300000,1,X0065_Y0005
Equi7Grid,V14,Oceania,E7G_OC,E065N092T1,100000,6500000,9200000,1,X0065_Y0006
Equi7Grid,V14,Oceania,E7G_OC,E065N091T1,100000,6500000,9100000,1,X0065_Y0007
Equi7Grid,V14,Oceania,E7G_OC,E065N089T1,100000,6500000,8900000,1,X0065_Y0009
Equi7Grid,V14,Oceania,E7G_OC,E065N088T1,100000,6500000,8800000,1,X0065_Y0010
Equi7Grid,V14,Oceania,E7G_OC,E065N082T1,100000,6500000,8200000,1,X0065_Y0016
Equi7Grid,V14,Oceania,E7G_OC,E065N081T1,100000,6500000,8100000,1,X0065_Y0017
Equi7Grid,V14,Oceania,E7G_OC,E065N080T1,100000,6500000,8000000,1,X0065_Y0018
Equi7Grid,V14,Oceania,E7G_OC,E065N079T1,100000,6500000,7900000,1,X0065_Y0019
Equi7Grid,V14,Oceania,E7G_OC,E065N078T1,100000,6500000,7800000,1,X0065_Y0020
Equi7Grid,V14,Oceania,E7G_OC,E065N077T1,100000,6500000,7700000,1,X0065_Y0021
Equi7Grid,V14,Oceania,E7G_OC,E065N076T1,100000,6500000,7600000,1,X0065_Y0022
Equi7Grid,V14,Oceania,E7G_OC,E065N075T1,100000,6500000,7500000,1,X0065_Y0023
Equi7Grid,V14,Oceania,E7G_OC,E065N074T1,100000,6500000,7400000,1,X0065_Y0024
Equi7Grid,V14,Oceania,E7G_OC,E065N073T1,100000,6500000,7300000,1,X0065_Y0025
Equi7Grid,V14,Oceania,E7G_OC,E065N072T1,100000,6500000,7200000,1,X0065_Y0026
Equi7Grid,V14,Oceania,E7G_OC,E065N071T1,100000,6500000,7100000,1,X0065_Y0027
Equi7Grid,V14,Oceania,E7G_OC,E065N070T1,100000,6500000,7000000,1,X0065_Y0028
Equi7Grid,V14,Oceania,E7G_OC,E065N069T1,100000,6500000,6900000,1,X0065_Y0029
Equi7Grid,V14,Oceania,E7G_OC,E065N068T1,100000,6500000,6800000,1,X0065_Y0030
Equi7Grid,V14,Oceania,E7G_OC,E065N067T1,100000,6500000,6700000,1,X0065_Y0031
Equi7Grid,V14,Oceania,E7G_OC,E065N066T1,100000,6500000,6600000,1,X0065_Y0032
Equi7Grid,V14,Oceania,E7G_OC,E065N065T1,100000,6500000,6500000,1,X0065_Y0033
Equi7Grid,V14,Oceania,E7G_OC,E065N064T1,100000,6500000,6400000,1,X0065_Y0034
Equi7Grid,V14,Oceania,E7G_OC,E065N063T1,100000,6500000,6300000,1,X0065_Y0035
Equi7Grid,V14,Oceania,E7G_OC,E065N062T1,100000,6500000,6200000,1,X0065_Y0036
Equi7Grid,V14,Oceania,E7G_OC,E066N099T1,100000,6600000,9900000,1,X0066_Y-001
Equi7Grid,V14,Oceania,E7G_OC,E066N100T1,100000,6600000,10000000,1,X0066_Y-002
Equi7Grid,V14,Oceania,E7G_OC,E066N101T1,100000,6600000,10100000,1,X0066_Y-003
Equi7Grid,V14,Oceania,E7G_OC,E066N098T1,100000,6600000,9800000,1,X0066_Y0000
Equi7Grid,V14,Oceania,E7G_OC,E066N097T1,100000,6600000,9700000,1,X0066_Y0001
Equi7Grid,V14,Oceania,E7G_OC,E066N096T1,100000,6600000,9600000,1,X0066_Y0002
Equi7Grid,V14,Oceania,E7G_OC,E066N094T1,100000,6600000,9400000,1,X0066_Y0004
Equi7Grid,V14,Oceania,E7G_OC,E066N093T1,100000,6600000,9300000,1,X0066_Y0005
Equi7Grid,V14,Oceania,E7G_OC,E066N090T1,100000,6600000,9000000,1,X0066_Y0008
Equi7Grid,V14,Oceania,E7G_OC,E066N089T1,100000,6600000,8900000,1,X0066_Y0009
Equi7Grid,V14,Oceania,E7G_OC,E066N088T1,100000,6600000,8800000,1,X0066_Y0010
Equi7Grid,V14,Oceania,E7G_OC,E066N082T1,100000,6600000,8200000,1,X0066_Y0016
Equi7Grid,V14,Oceania,E7G_OC,E066N081T1,100000,6600000,8100000,1,X0066_Y0017
Equi7Grid,V14,Oceania,E7G_OC,E066N080T1,100000,6600000,8000000,1,X0066_Y0018
Equi7Grid,V14,Oceania,E7G_OC,E066N079T1,100000,6600000,7900000,1,X0066_Y0019
Equi7Grid,V14,Oceania,E7G_OC,E066N078T1,100000,6600000,7800000,1,X0066_Y0020
Equi7Grid,V14,Oceania,E7G_OC,E066N077T1,100000,6600000,7700000,1,X0066_Y0021
Equi7Grid,V14,Oceania,E7G_OC,E066N076T1,100000,6600000,7600000,1,X0066_Y0022
Equi7Grid,V14,Oceania,E7G_OC,E066N075T1,100000,6600000,7500000,1,X0066_Y0023
Equi7Grid,V14,Oceania,E7G_OC,E066N074T1,100000,6600000,7400000,1,X0066_Y0024
Equi7Grid,V14,Oceania,E7G_OC,E066N073T1,100000,6600000,7300000,1,X0066_Y0025
Equi7Grid,V14,Oceania,E7G_OC,E066N072T1,100000,6600000,7200000,1,X0066_Y0026
Equi7Grid,V14,Oceania,E7G_OC,E066N071T1,100000,6600000,7100000,1,X0066_Y0027
Equi7Grid,V14,Oceania,E7G_OC,E066N070T1,100000,6600000,7000000,1,X0066_Y0028
Equi7Grid,V14,Oceania,E7G_OC,E066N069T1,100000,6600000,6900000,1,X0066_Y0029
Equi7Grid,V14,Oceania,E7G_OC,E066N068T1,100000,6600000,6800000,1,X0066_Y0030
Equi7Grid,V14,Oceania,E7G_OC,E066N067T1,100000,6600000,6700000,1,X0066_Y0031
Equi7Grid,V14,Oceania,E7G_OC,E066N066T1,100000,6600000,6600000,1,X0066_Y0032
Equi7Grid,V14,Oceania,E7G_OC,E066N065T1,100000,6600000,6500000,1,X0066_Y0033
Equi7Grid,V14,Oceania,E7G_OC,E066N064T1,100000,6600000,6400000,1,X0066_Y0034
Equi7Grid,V14,Oceania,E7G_OC,E066N063T1,100000,6600000,6300000,1,X0066_Y0035
Equi7Grid,V14,Oceania,E7G_OC,E066N062T1,100000,6600000,6200000,1,X0066_Y0036
Equi7Grid,V14,Oceania,E7G_OC,E067N098T1,100000,6700000,9800000,1,X0067_Y0000
Equi7Grid,V14,Oceania,E7G_OC,E067N097T1,100000,6700000,9700000,1,X0067_Y0001
Equi7Grid,V14,Oceania,E7G_OC,E067N096T1,100000,6700000,9600000,1,X0067_Y0002
Equi7Grid,V14,Oceania,E7G_OC,E067N095T1,100000,6700000,9500000,1,X0067_Y0003
Equi7Grid,V14,Oceania,E7G_OC,E067N094T1,100000,6700000,9400000,1,X0067_Y0004
Equi7Grid,V14,Oceania,E7G_OC,E067N093T1,100000,6700000,9300000,1,X0067_Y0005
Equi7Grid,V14,Oceania,E7G_OC,E067N090T1,100000,6700000,9000000,1,X0067_Y0008
Equi7Grid,V14,Oceania,E7G_OC,E067N089T1,100000,6700000,8900000,1,X0067_Y0009
Equi7Grid,V14,Oceania,E7G_OC,E067N088T1,100000,6700000,8800000,1,X0067_Y0010
Equi7Grid,V14,Oceania,E7G_OC,E067N082T1,100000,6700000,8200000,1,X0067_Y0016
Equi7Grid,V14,Oceania,E7G_OC,E067N081T1,100000,6700000,8100000,1,X0067_Y0017
Equi7Grid,V14,Oceania,E7G_OC,E067N080T1,100000,6700000,8000000,1,X0067_Y0018
Equi7Grid,V14,Oceania,E7G_OC,E067N079T1,100000,6700000,7900000,1,X0067_Y0019
Equi7Grid,V14,Oceania,E7G_OC,E067N078T1,100000,6700000,7800000,1,X0067_Y0020
Equi7Grid,V14,Oceania,E7G_OC,E067N077T1,100000,6700000,7700000,1,X0067_Y0021
Equi7Grid,V14,Oceania,E7G_OC,E067N076T1,100000,6700000,7600000,1,X0067_Y0022
Equi7Grid,V14,Oceania,E7G_OC,E067N075T1,100000,6700000,7500000,1,X0067_Y0023
Equi7Grid,V14,Oceania,E7G_OC,E067N074T1,100000,6700000,7400000,1,X0067_Y0024
Equi7Grid,V14,Oceania,E7G_OC,E067N073T1,100000,6700000,7300000,1,X0067_Y0025
Equi7Grid,V14,Oceania,E7G_OC,E067N072T1,100000,6700000,7200000,1,X0067_Y0026
Equi7Grid,V14,Oceania,E7G_OC,E067N071T1,100000,6700000,7100000,1,X0067_Y0027
Equi7Grid,V14,Oceania,E7G_OC,E067N070T1,100000,6700000,7000000,1,X0067_Y0028
Equi7Grid,V14,Oceania,E7G_OC,E067N069T1,100000,6700000,6900000,1,X0067_Y0029
Equi7Grid,V14,Oceania,E7G_OC,E067N068T1,100000,6700000,6800000,1,X0067_Y0030
Equi7Grid,V14,Oceania,E7G_OC,E067N067T1,100000,6700000,6700000,1,X0067_Y0031
Equi7Grid,V14,Oceania,E7G_OC,E067N066T1,100000,6700000,6600000,1,X0067_Y0032
Equi7Grid,V14,Oceania,E7G_OC,E067N065T1,100000,6700000,6500000,1,X0067_Y0033
Equi7Grid,V14,Oceania,E7G_OC,E067N064T1,100000,6700000,6400000,1,X0067_Y0034
Equi7Grid,V14,Oceania,E7G_OC,E067N063T1,100000,6700000,6300000,1,X0067_Y0035
Equi7Grid,V14,Oceania,E7G_OC,E067N062T1,100000,6700000,6200000,1,X0067_Y0036
Equi7Grid,V14,Oceania,E7G_OC,E068N098T1,100000,6800000,9800000,1,X0068_Y0000
Equi7Grid,V14,Oceania,E7G_OC,E068N097T1,100000,6800000,9700000,1,X0068_Y0001
Equi7Grid,V14,Oceania,E7G_OC,E068N096T1,100000,6800000,9600000,1,X0068_Y0002
Equi7Grid,V14,Oceania,E7G_OC,E068N095T1,100000,6800000,9500000,1,X0068_Y0003
Equi7Grid,V14,Oceania,E7G_OC,E068N094T1,100000,6800000,9400000,1,X0068_Y0004
Equi7Grid,V14,Oceania,E7G_OC,E068N093T1,100000,6800000,9300000,1,X0068_Y0005
Equi7Grid,V14,Oceania,E7G_OC,E068N091T1,100000,6800000,9100000,1,X0068_Y0007
Equi7Grid,V14,Oceania,E7G_OC,E068N089T1,100000,6800000,8900000,1,X0068_Y0009
Equi7Grid,V14,Oceania,E7G_OC,E068N085T1,100000,6800000,8500000,1,X0068_Y0013
Equi7Grid,V14,Oceania,E7G_OC,E068N084T1,100000,6800000,8400000,1,X0068_Y0014
Equi7Grid,V14,Oceania,E7G_OC,E068N083T1,100000,6800000,8300000,1,X0068_Y0015
Equi7Grid,V14,Oceania,E7G_OC,E068N082T1,100000,6800000,8200000,1,X0068_Y0016
Equi7Grid,V14,Oceania,E7G_OC,E068N081T1,100000,6800000,8100000,1,X0068_Y0017
Equi7Grid,V14,Oceania,E7G_OC,E068N080T1,100000,6800000,8000000,1,X0068_Y0018
Equi7Grid,V14,Oceania,E7G_OC,E068N079T1,100000,6800000,7900000,1,X0068_Y0019
Equi7Grid,V14,Oceania,E7G_OC,E068N078T1,100000,6800000,7800000,1,X0068_Y0020
Equi7Grid,V14,Oceania,E7G_OC,E068N077T1,100000,6800000,7700000,1,X0068_Y0021
Equi7Grid,V14,Oceania,E7G_OC,E068N076T1,100000,6800000,7600000,1,X0068_Y0022
Equi7Grid,V14,Oceania,E7G_OC,E068N075T1,100000,6800000,7500000,1,X0068_Y0023
Equi7Grid,V14,Oceania,E7G_OC,E068N074T1,100000,6800000,7400000,1,X0068_Y0024
Equi7Grid,V14,Oceania,E7G_OC,E068N073T1,100000,6800000,7300000,1,X0068_Y0025
Equi7Grid,V14,Oceania,E7G_OC,E068N072T1,100000,6800000,7200000,1,X0068_Y0026
Equi7Grid,V14,Oceania,E7G_OC,E068N071T1,100000,6800000,7100000,1,X0068_Y0027
Equi7Grid,V14,Oceania,E7G_OC,E068N070T1,100000,6800000,7000000,1,X0068_Y0028
Equi7Grid,V14,Oceania,E7G_OC,E068N069T1,100000,6800000,6900000,1,X0068_Y0029
Equi7Grid,V14,Oceania,E7G_OC,E068N068T1,100000,6800000,6800000,1,X0068_Y0030
Equi7Grid,V14,Oceania,E7G_OC,E068N067T1,100000,6800000,6700000,1,X0068_Y0031
Equi7Grid,V14,Oceania,E7G_OC,E068N066T1,100000,6800000,6600000,1,X0068_Y0032
Equi7Grid,V14,Oceania,E7G_OC,E068N065T1,100000,6800000,6500000,1,X0068_Y0033
Equi7Grid,V14,Oceania,E7G_OC,E068N064T1,100000,6800000,6400000,1,X0068_Y0034
Equi7Grid,V14,Oceania,E7G_OC,E068N063T1,100000,6800000,6300000,1,X0068_Y0035
Equi7Grid,V14,Oceania,E7G_OC,E069N099T1,100000,6900000,9900000,1,X0069_Y-001
Equi7Grid,V14,Oceania,E7G_OC,E069N101T1,100000,6900000,10100000,1,X0069_Y-003
Equi7Grid,V14,Oceania,E7G_OC,E069N098T1,100000,6900000,9800000,1,X0069_Y0000
Equi7Grid,V14,Oceania,E7G_OC,E069N097T1,100000,6900000,9700000,1,X0069_Y0001
Equi7Grid,V14,Oceania,E7G_OC,E069N096T1,100000,6900000,9600000,1,X0069_Y0002
Equi7Grid,V14,Oceania,E7G_OC,E069N095T1,100000,6900000,9500000,1,X0069_Y0003
Equi7Grid,V14,Oceania,E7G_OC,E069N094T1,100000,6900000,9400000,1,X0069_Y0004
Equi7Grid,V14,Oceania,E7G_OC,E069N093T1,100000,6900000,9300000,1,X0069_Y0005
Equi7Grid,V14,Oceania,E7G_OC,E069N090T1,100000,6900000,9000000,1,X0069_Y0008
Equi7Grid,V14,Oceania,E7G_OC,E069N089T1,100000,6900000,8900000,1,X0069_Y0009
Equi7Grid,V14,Oceania,E7G_OC,E069N088T1,100000,6900000,8800000,1,X0069_Y0010
Equi7Grid,V14,Oceania,E7G_OC,E069N085T1,100000,6900000,8500000,1,X0069_Y0013
Equi7Grid,V14,Oceania,E7G_OC,E069N084T1,100000,6900000,8400000,1,X0069_Y0014
Equi7Grid,V14,Oceania,E7G_OC,E069N083T1,100000,6900000,8300000,1,X0069_Y0015
Equi7Grid,V14,Oceania,E7G_OC,E069N082T1,100000,6900000,8200000,1,X0069_Y0016
Equi7Grid,V14,Oceania,E7G_OC,E069N081T1,100000,6900000,8100000,1,X0069_Y0017
Equi7Grid,V14,Oceania,E7G_OC,E069N080T1,100000,6900000,8000000,1,X0069_Y0018
Equi7Grid,V14,Oceania,E7G_OC,E069N079T1,100000,6900000,7900000,1,X0069_Y0019
Equi7Grid,V14,Oceania,E7G_OC,E069N078T1,100000,6900000,7800000,1,X0069_Y0020
Equi7Grid,V14,Oceania,E7G_OC,E069N077T1,100000,6900000,7700000,1,X0069_Y0021
Equi7Grid,V14,Oceania,E7G_OC,E069N076T1,100000,6900000,7600000,1,X0069_Y0022
Equi7Grid,V14,Oceania,E7G_OC,E069N075T1,100000,6900000,7500000,1,X0069_Y0023
Equi7Grid,V14,Oceania,E7G_OC,E069N074T1,100000,6900000,7400000,1,X0069_Y0024
Equi7Grid,V14,Oceania,E7G_OC,E069N073T1,100000,6900000,7300000,1,X0069_Y0025
Equi7Grid,V14,Oceania,E7G_OC,E069N072T1,100000,6900000,7200000,1,X0069_Y0026
Equi7Grid,V14,Oceania,E7G_OC,E069N071T1,100000,6900000,7100000,1,X0069_Y0027
Equi7Grid,V14,Oceania,E7G_OC,E069N070T1,100000,6900000,7000000,1,X0069_Y0028
Equi7Grid,V14,Oceania,E7G_OC,E069N069T1,100000,6900000,6900000,1,X0069_Y0029
Equi7Grid,V14,Oceania,E7G_OC,E069N068T1,100000,6900000,6800000,1,X0069_Y0030
Equi7Grid,V14,Oceania,E7G_OC,E069N067T1,100000,6900000,6700000,1,X0069_Y0031
Equi7Grid,V14,Oceania,E7G_OC,E069N066T1,100000,6900000,6600000,1,X0069_Y0032
Equi7Grid,V14,Oceania,E7G_OC,E069N065T1,100000,6900000,6500000,1,X0069_Y0033
Equi7Grid,V14,Oceania,E7G_OC,E069N064T1,100000,6900000,6400000,1,X0069_Y0034
Equi7Grid,V14,Oceania,E7G_OC,E069N063T1,100000,6900000,6300000,1,X0069_Y0035
Equi7Grid,V14,Oceania,E7G_OC,E070N101T1,100000,7000000,10100000,1,X0070_Y-003
Equi7Grid,V14,Oceania,E7G_OC,E070N103T1,100000,7000000,10300000,1,X0070_Y-005
Equi7Grid,V14,Oceania,E7G_OC,E070N097T1,100000,7000000,9700000,1,X0070_Y0001
Equi7Grid,V14,Oceania,E7G_OC,E070N096T1,100000,7000000,9600000,1,X0070_Y0002
Equi7Grid,V14,Oceania,E7G_OC,E070N095T1,100000,7000000,9500000,1,X0070_Y0003
Equi7Grid,V14,Oceania,E7G_OC,E070N094T1,100000,7000000,9400000,1,X0070_Y0004
Equi7Grid,V14,Oceania,E7G_OC,E070N093T1,100000,7000000,9300000,1,X0070_Y0005
Equi7Grid,V14,Oceania,E7G_OC,E070N092T1,100000,7000000,9200000,1,X0070_Y0006
Equi7Grid,V14,Oceania,E7G_OC,E070N091T1,100000,7000000,9100000,1,X0070_Y0007
Equi7Grid,V14,Oceania,E7G_OC,E070N090T1,100000,7000000,9000000,1,X0070_Y0008
Equi7Grid,V14,Oceania,E7G_OC,E070N089T1,100000,7000000,8900000,1,X0070_Y0009
Equi7Grid,V14,Oceania,E7G_OC,E070N085T1,100000,7000000,8500000,1,X0070_Y0013
Equi7Grid,V14,Oceania,E7G_OC,E070N084T1,100000,7000000,8400000,1,X0070_Y0014
Equi7Grid,V14,Oceania,E7G_OC,E070N083T1,100000,7000000,8300000,1,X0070_Y0015
Equi7Grid,V14,Oceania,E7G_OC,E070N082T1,100000,7000000,8200000,1,X0070_Y0016
Equi7Grid,V14,Oceania,E7G_OC,E070N081T1,100000,7000000,8100000,1,X0070_Y0017
Equi7Grid,V14,Oceania,E7G_OC,E070N080T1,100000,7000000,8000000,1,X0070_Y0018
Equi7Grid,V14,Oceania,E7G_OC,E070N079T1,100000,7000000,7900000,1,X0070_Y0019
Equi7Grid,V14,Oceania,E7G_OC,E070N078T1,100000,7000000,7800000,1,X0070_Y0020
Equi7Grid,V14,Oceania,E7G_OC,E070N077T1,100000,7000000,7700000,1,X0070_Y0021
Equi7Grid,V14,Oceania,E7G_OC,E070N076T1,100000,7000000,7600000,1,X0070_Y0022
Equi7Grid,V14,Oceania,E7G_OC,E070N075T1,100000,7000000,7500000,1,X0070_Y0023
Equi7Grid,V14,Oceania,E7G_OC,E070N074T1,100000,7000000,7400000,1,X0070_Y0024
Equi7Grid,V14,Oceania,E7G_OC,E070N073T1,100000,7000000,7300000,1,X0070_Y0025
Equi7Grid,V14,Oceania,E7G_OC,E070N072T1,100000,7000000,7200000,1,X0070_Y0026
Equi7Grid,V14,Oceania,E7G_OC,E070N071T1,100000,7000000,7100000,1,X0070_Y0027
Equi7Grid,V14,Oceania,E7G_OC,E070N070T1,100000,7000000,7000000,1,X0070_Y0028
Equi7Grid,V14,Oceania,E7G_OC,E070N069T1,100000,7000000,6900000,1,X0070_Y0029
Equi7Grid,V14,Oceania,E7G_OC,E070N068T1,100000,7000000,6800000,1,X0070_Y0030
Equi7Grid,V14,Oceania,E7G_OC,E070N067T1,100000,7000000,6700000,1,X0070_Y0031
Equi7Grid,V14,Oceania,E7G_OC,E070N066T1,100000,7000000,6600000,1,X0070_Y0032
Equi7Grid,V14,Oceania,E7G_OC,E070N065T1,100000,7000000,6500000,1,X0070_Y0033
Equi7Grid,V14,Oceania,E7G_OC,E070N064T1,100000,7000000,6400000,1,X0070_Y0034
Equi7Grid,V14,Oceania,E7G_OC,E070N063T1,100000,7000000,6300000,1,X0070_Y0035
Equi7Grid,V14,Oceania,E7G_OC,E070N062T1,100000,7000000,6200000,1,X0070_Y0036
Equi7Grid,V14,Oceania,E7G_OC,E071N097T1,100000,7100000,9700000,1,X0071_Y0001
Equi7Grid,V14,Oceania,E7G_OC,E071N096T1,100000,7100000,9600000,1,X0071_Y0002
Equi7Grid,V14,Oceania,E7G_OC,E071N095T1,100000,7100000,9500000,1,X0071_Y0003
Equi7Grid,V14,Oceania,E7G_OC,E071N094T1,100000,7100000,9400000,1,X0071_Y0004
Equi7Grid,V14,Oceania,E7G_OC,E071N093T1,100000,7100000,9300000,1,X0071_Y0005
Equi7Grid,V14,Oceania,E7G_OC,E071N092T1,100000,7100000,9200000,1,X0071_Y0006
Equi7Grid,V14,Oceania,E7G_OC,E071N091T1,100000,7100000,9100000,1,X0071_Y0007
Equi7Grid,V14,Oceania,E7G_OC,E071N085T1,100000,7100000,8500000,1,X0071_Y0013
Equi7Grid,V14,Oceania,E7G_OC,E071N084T1,100000,7100000,8400000,1,X0071_Y0014
Equi7Grid,V14,Oceania,E7G_OC,E071N083T1,100000,7100000,8300000,1,X0071_Y0015
Equi7Grid,V14,Oceania,E7G_OC,E071N082T1,100000,7100000,8200000,1,X0071_Y0016
Equi7Grid,V14,Oceania,E7G_OC,E071N081T1,100000,7100000,8100000,1,X0071_Y0017
Equi7Grid,V14,Oceania,E7G_OC,E071N080T1,100000,7100000,8000000,1,X0071_Y0018
Equi7Grid,V14,Oceania,E7G_OC,E071N079T1,100000,7100000,7900000,1,X0071_Y0019
Equi7Grid,V14,Oceania,E7G_OC,E071N078T1,100000,7100000,7800000,1,X0071_Y0020
Equi7Grid,V14,Oceania,E7G_OC,E071N077T1,100000,7100000,7700000,1,X0071_Y0021
Equi7Grid,V14,Oceania,E7G_OC,E071N076T1,100000,7100000,7600000,1,X0071_Y0022
Equi7Grid,V14,Oceania,E7G_OC,E071N075T1,100000,7100000,7500000,1,X0071_Y0023
Equi7Grid,V14,Oceania,E7G_OC,E071N074T1,100000,7100000,7400000,1,X0071_Y0024
Equi7Grid,V14,Oceania,E7G_OC,E071N073T1,100000,7100000,7300000,1,X0071_Y0025
Equi7Grid,V14,Oceania,E7G_OC,E071N072T1,100000,7100000,7200000,1,X0071_Y0026
Equi7Grid,V14,Oceania,E7G_OC,E071N071T1,100000,7100000,7100000,1,X0071_Y0027
Equi7Grid,V14,Oceania,E7G_OC,E071N070T1,100000,7100000,7000000,1,X0071_Y0028
Equi7Grid,V14,Oceania,E7G_OC,E071N069T1,100000,7100000,6900000,1,X0071_Y0029
Equi7Grid,V14,Oceania,E7G_OC,E071N068T1,100000,7100000,6800000,1,X0071_Y0030
Equi7Grid,V14,Oceania,E7G_OC,E071N067T1,100000,7100000,6700000,1,X0071_Y0031
Equi7Grid,V14,Oceania,E7G_OC,E071N066T1,100000,7100000,6600000,1,X0071_Y0032
Equi7Grid,V14,Oceania,E7G_OC,E071N065T1,100000,7100000,6500000,1,X0071_Y0033
Equi7Grid,V14,Oceania,E7G_OC,E071N064T1,100000,7100000,6400000,1,X0071_Y0034
Equi7Grid,V14,Oceania,E7G_OC,E071N063T1,100000,7100000,6300000,1,X0071_Y0035
Equi7Grid,V14,Oceania,E7G_OC,E071N062T1,100000,7100000,6200000,1,X0071_Y0036
Equi7Grid,V14,Oceania,E7G_OC,E072N105T1,100000,7200000,10500000,1,X0072_Y-007
Equi7Grid,V14,Oceania,E7G_OC,E072N097T1,100000,7200000,9700000,1,X0072_Y0001
Equi7Grid,V14,Oceania,E7G_OC,E072N096T1,100000,7200000,9600000,1,X0072_Y0002
Equi7Grid,V14,Oceania,E7G_OC,E072N095T1,100000,7200000,9500000,1,X0072_Y0003
Equi7Grid,V14,Oceania,E7G_OC,E072N094T1,100000,7200000,9400000,1,X0072_Y0004
Equi7Grid,V14,Oceania,E7G_OC,E072N093T1,100000,7200000,9300000,1,X0072_Y0005
Equi7Grid,V14,Oceania,E7G_OC,E072N091T1,100000,7200000,9100000,1,X0072_Y0007
Equi7Grid,V14,Oceania,E7G_OC,E072N090T1,100000,7200000,9000000,1,X0072_Y0008
Equi7Grid,V14,Oceania,E7G_OC,E072N085T1,100000,7200000,8500000,1,X0072_Y0013
Equi7Grid,V14,Oceania,E7G_OC,E072N084T1,100000,7200000,8400000,1,X0072_Y0014
Equi7Grid,V14,Oceania,E7G_OC,E072N083T1,100000,7200000,8300000,1,X0072_Y0015
Equi7Grid,V14,Oceania,E7G_OC,E072N082T1,100000,7200000,8200000,1,X0072_Y0016
Equi7Grid,V14,Oceania,E7G_OC,E072N081T1,100000,7200000,8100000,1,X0072_Y0017
Equi7Grid,V14,Oceania,E7G_OC,E072N080T1,100000,7200000,8000000,1,X0072_Y0018
Equi7Grid,V14,Oceania,E7G_OC,E072N079T1,100000,7200000,7900000,1,X0072_Y0019
Equi7Grid,V14,Oceania,E7G_OC,E072N078T1,100000,7200000,7800000,1,X0072_Y0020
Equi7Grid,V14,Oceania,E7G_OC,E072N077T1,100000,7200000,7700000,1,X0072_Y0021
Equi7Grid,V14,Oceania,E7G_OC,E072N076T1,100000,7200000,7600000,1,X0072_Y0022
Equi7Grid,V14,Oceania,E7G_OC,E072N075T1,100000,7200000,7500000,1,X0072_Y0023
Equi7Grid,V14,Oceania,E7G_OC,E072N074T1,100000,7200000,7400000,1,X0072_Y0024
Equi7Grid,V14,Oceania,E7G_OC,E072N073T1,100000,7200000,7300000,1,X0072_Y0025
Equi7Grid,V14,Oceania,E7G_OC,E072N072T1,100000,7200000,7200000,1,X0072_Y0026
Equi7Grid,V14,Oceania,E7G_OC,E072N071T1,100000,7200000,7100000,1,X0072_Y0027
Equi7Grid,V14,Oceania,E7G_OC,E072N070T1,100000,7200000,7000000,1,X0072_Y0028
Equi7Grid,V14,Oceania,E7G_OC,E072N069T1,100000,7200000,6900000,1,X0072_Y0029
Equi7Grid,V14,Oceania,E7G_OC,E072N068T1,100000,7200000,6800000,1,X0072_Y0030
Equi7Grid,V14,Oceania,E7G_OC,E072N067T1,100000,7200000,6700000,1,X0072_Y0031
Equi7Grid,V14,Oceania,E7G_OC,E072N066T1,100000,7200000,6600000,1,X0072_Y0032
Equi7Grid,V14,Oceania,E7G_OC,E072N065T1,100000,7200000,6500000,1,X0072_Y0033
Equi7Grid,V14,Oceania,E7G_OC,E072N064T1,100000,7200000,6400000,1,X0072_Y0034
Equi7Grid,V14,Oceania,E7G_OC,E072N063T1,100000,7200000,6300000,1,X0072_Y0035
Equi7Grid,V14,Oceania,E7G_OC,E072N062T1,100000,7200000,6200000,1,X0072_Y0036
Equi7Grid,V14,Oceania,E7G_OC,E072N061T1,100000,7200000,6100000,1,X0072_Y0037
Equi7Grid,V14,Oceania,E7G_OC,E072N060T1,100000,7200000,6000000,1,X0072_Y0038
Equi7Grid,V14,Oceania,E7G_OC,E073N105T1,100000,7300000,10500000,1,X0073_Y-007
Equi7Grid,V14,Oceania,E7G_OC,E073N106T1,100000,7300000,10600000,1,X0073_Y-008
Equi7Grid,V14,Oceania,E7G_OC,E073N098T1,100000,7300000,9800000,1,X0073_Y0000
Equi7Grid,V14,Oceania,E7G_OC,E073N097T1,100000,7300000,9700000,1,X0073_Y0001
Equi7Grid,V14,Oceania,E7G_OC,E073N096T1,100000,7300000,9600000,1,X0073_Y0002
Equi7Grid,V14,Oceania,E7G_OC,E073N095T1,100000,7300000,9500000,1,X0073_Y0003
Equi7Grid,V14,Oceania,E7G_OC,E073N094T1,100000,7300000,9400000,1,X0073_Y0004
Equi7Grid,V14,Oceania,E7G_OC,E073N093T1,100000,7300000,9300000,1,X0073_Y0005
Equi7Grid,V14,Oceania,E7G_OC,E073N092T1,100000,7300000,9200000,1,X0073_Y0006
Equi7Grid,V14,Oceania,E7G_OC,E073N091T1,100000,7300000,9100000,1,X0073_Y0007
Equi7Grid,V14,Oceania,E7G_OC,E073N090T1,100000,7300000,9000000,1,X0073_Y0008
Equi7Grid,V14,Oceania,E7G_OC,E073N084T1,100000,7300000,8400000,1,X0073_Y0014
Equi7Grid,V14,Oceania,E7G_OC,E073N083T1,100000,7300000,8300000,1,X0073_Y0015
Equi7Grid,V14,Oceania,E7G_OC,E073N082T1,100000,7300000,8200000,1,X0073_Y0016
Equi7Grid,V14,Oceania,E7G_OC,E073N081T1,100000,7300000,8100000,1,X0073_Y0017
Equi7Grid,V14,Oceania,E7G_OC,E073N080T1,100000,7300000,8000000,1,X0073_Y0018
Equi7Grid,V14,Oceania,E7G_OC,E073N079T1,100000,7300000,7900000,1,X0073_Y0019
Equi7Grid,V14,Oceania,E7G_OC,E073N078T1,100000,7300000,7800000,1,X0073_Y0020
Equi7Grid,V14,Oceania,E7G_OC,E073N077T1,100000,7300000,7700000,1,X0073_Y0021
Equi7Grid,V14,Oceania,E7G_OC,E073N076T1,100000,7300000,7600000,1,X0073_Y0022
Equi7Grid,V14,Oceania,E7G_OC,E073N075T1,100000,7300000,7500000,1,X0073_Y0023
Equi7Grid,V14,Oceania,E7G_OC,E073N074T1,100000,7300000,7400000,1,X0073_Y0024
Equi7Grid,V14,Oceania,E7G_OC,E073N073T1,100000,7300000,7300000,1,X0073_Y0025
Equi7Grid,V14,Oceania,E7G_OC,E073N072T1,100000,7300000,7200000,1,X0073_Y0026
Equi7Grid,V14,Oceania,E7G_OC,E073N071T1,100000,7300000,7100000,1,X0073_Y0027
Equi7Grid,V14,Oceania,E7G_OC,E073N070T1,100000,7300000,7000000,1,X0073_Y0028
Equi7Grid,V14,Oceania,E7G_OC,E073N069T1,100000,7300000,6900000,1,X0073_Y0029
Equi7Grid,V14,Oceania,E7G_OC,E073N068T1,100000,7300000,6800000,1,X0073_Y0030
Equi7Grid,V14,Oceania,E7G_OC,E073N067T1,100000,7300000,6700000,1,X0073_Y0031
Equi7Grid,V14,Oceania,E7G_OC,E073N066T1,100000,7300000,6600000,1,X0073_Y0032
Equi7Grid,V14,Oceania,E7G_OC,E073N065T1,100000,7300000,6500000,1,X0073_Y0033
Equi7Grid,V14,Oceania,E7G_OC,E073N064T1,100000,7300000,6400000,1,X0073_Y0034
Equi7Grid,V14,Oceania,E7G_OC,E073N063T1,100000,7300000,6300000,1,X0073_Y0035
Equi7Grid,V14,Oceania,E7G_OC,E073N062T1,100000,7300000,6200000,1,X0073_Y0036
Equi7Grid,V14,Oceania,E7G_OC,E073N061T1,100000,7300000,6100000,1,X0073_Y0037
Equi7Grid,V14,Oceania,E7G_OC,E073N060T1,100000,7300000,6000000,1,X0073_Y0038
Equi7Grid,V14,Oceania,E7G_OC,E073N059T1,100000,7300000,5900000,1,X0073_Y0039
Equi7Grid,V14,Oceania,E7G_OC,E074N097T1,100000,7400000,9700000,1,X0074_Y0001
Equi7Grid,V14,Oceania,E7G_OC,E074N096T1,100000,7400000,9600000,1,X0074_Y0002
Equi7Grid,V14,Oceania,E7G_OC,E074N095T1,100000,7400000,9500000,1,X0074_Y0003
Equi7Grid,V14,Oceania,E7G_OC,E074N094T1,100000,7400000,9400000,1,X0074_Y0004
Equi7Grid,V14,Oceania,E7G_OC,E074N093T1,100000,7400000,9300000,1,X0074_Y0005
Equi7Grid,V14,Oceania,E7G_OC,E074N092T1,100000,7400000,9200000,1,X0074_Y0006
Equi7Grid,V14,Oceania,E7G_OC,E074N085T1,100000,7400000,8500000,1,X0074_Y0013
Equi7Grid,V14,Oceania,E7G_OC,E074N084T1,100000,7400000,8400000,1,X0074_Y0014
Equi7Grid,V14,Oceania,E7G_OC,E074N083T1,100000,7400000,8300000,1,X0074_Y0015
Equi7Grid,V14,Oceania,E7G_OC,E074N082T1,100000,7400000,8200000,1,X0074_Y0016
Equi7Grid,V14,Oceania,E7G_OC,E074N081T1,100000,7400000,8100000,1,X0074_Y0017
Equi7Grid,V14,Oceania,E7G_OC,E074N080T1,100000,7400000,8000000,1,X0074_Y0018
Equi7Grid,V14,Oceania,E7G_OC,E074N079T1,100000,7400000,7900000,1,X0074_Y0019
Equi7Grid,V14,Oceania,E7G_OC,E074N078T1,100000,7400000,7800000,1,X0074_Y0020
Equi7Grid,V14,Oceania,E7G_OC,E074N077T1,100000,7400000,7700000,1,X0074_Y0021
Equi7Grid,V14,Oceania,E7G_OC,E074N076T1,100000,7400000,7600000,1,X0074_Y0022
Equi7Grid,V14,Oceania,E7G_OC,E074N075T1,100000,7400000,7500000,1,X0074_Y0023
Equi7Grid,V14,Oceania,E7G_OC,E074N074T1,100000,7400000,7400000,1,X0074_Y0024
Equi7Grid,V14,Oceania,E7G_OC,E074N073T1,100000,7400000,7300000,1,X0074_Y0025
Equi7Grid,V14,Oceania,E7G_OC,E074N072T1,100000,7400000,7200000,1,X0074_Y0026
Equi7Grid,V14,Oceania,E7G_OC,E074N071T1,100000,7400000,7100000,1,X0074_Y0027
Equi7Grid,V14,Oceania,E7G_OC,E074N070T1,100000,7400000,7000000,1,X0074_Y0028
Equi7Grid,V14,Oceania,E7G_OC,E074N069T1,100000,7400000,6900000,1,X0074_Y0029
Equi7Grid,V14,Oceania,E7G_OC,E074N068T1,100000,7400000,6800000,1,X0074_Y0030
Equi7Grid,V14,Oceania,E7G_OC,E074N067T1,100000,7400000,6700000,1,X0074_Y0031
Equi7Grid,V14,Oceania,E7G_OC,E074N066T1,100000,7400000,6600000,1,X0074_Y0032
Equi7Grid,V14,Oceania,E7G_OC,E074N065T1,100000,7400000,6500000,1,X0074_Y0033
Equi7Grid,V14,Oceania,E7G_OC,E074N064T1,100000,7400000,6400000,1,X0074_Y0034
Equi7Grid,V14,Oceania,E7G_OC,E074N063T1,100000,7400000,6300000,1,X0074_Y0035
Equi7Grid,V14,Oceania,E7G_OC,E074N062T1,100000,7400000,6200000,1,X0074_Y0036
Equi7Grid,V14,Oceania,E7G_OC,E074N061T1,100000,7400000,6100000,1,X0074_Y0037
Equi7Grid,V14,Oceania,E7G_OC,E074N060T1,100000,7400000,6000000,1,X0074_Y0038
Equi7Grid,V14,Oceania,E7G_OC,E074N059T1,100000,7400000,5900000,1,X0074_Y0039
Equi7Grid,V14,Oceania,E7G_OC,E074N058T1,100000,7400000,5800000,1,X0074_Y0040
Equi7Grid,V14,Oceania,E7G_OC,E075N097T1,100000,7500000,9700000,1,X0075_Y0001
Equi7Grid,V14,Oceania,E7G_OC,E075N096T1,100000,7500000,9600000,1,X0075_Y0002
Equi7Grid,V14,Oceania,E7G_OC,E075N095T1,100000,7500000,9500000,1,X0075_Y0003
Equi7Grid,V14,Oceania,E7G_OC,E075N094T1,100000,7500000,9400000,1,X0075_Y0004
Equi7Grid,V14,Oceania,E7G_OC,E075N093T1,100000,7500000,9300000,1,X0075_Y0005
Equi7Grid,V14,Oceania,E7G_OC,E075N092T1,100000,7500000,9200000,1,X0075_Y0006
Equi7Grid,V14,Oceania,E7G_OC,E075N085T1,100000,7500000,8500000,1,X0075_Y0013
Equi7Grid,V14,Oceania,E7G_OC,E075N084T1,100000,7500000,8400000,1,X0075_Y0014
Equi7Grid,V14,Oceania,E7G_OC,E075N083T1,100000,7500000,8300000,1,X0075_Y0015
Equi7Grid,V14,Oceania,E7G_OC,E075N082T1,100000,7500000,8200000,1,X0075_Y0016
Equi7Grid,V14,Oceania,E7G_OC,E075N080T1,100000,7500000,8000000,1,X0075_Y0018
Equi7Grid,V14,Oceania,E7G_OC,E075N079T1,100000,7500000,7900000,1,X0075_Y0019
Equi7Grid,V14,Oceania,E7G_OC,E075N078T1,100000,7500000,7800000,1,X0075_Y0020
Equi7Grid,V14,Oceania,E7G_OC,E075N077T1,100000,7500000,7700000,1,X0075_Y0021
Equi7Grid,V14,Oceania,E7G_OC,E075N076T1,100000,7500000,7600000,1,X0075_Y0022
Equi7Grid,V14,Oceania,E7G_OC,E075N075T1,100000,7500000,7500000,1,X0075_Y0023
Equi7Grid,V14,Oceania,E7G_OC,E075N074T1,100000,7500000,7400000,1,X0075_Y0024
Equi7Grid,V14,Oceania,E7G_OC,E075N073T1,100000,7500000,7300000,1,X0075_Y0025
Equi7Grid,V14,Oceania,E7G_OC,E075N072T1,100000,7500000,7200000,1,X0075_Y0026
Equi7Grid,V14,Oceania,E7G_OC,E075N071T1,100000,7500000,7100000,1,X0075_Y0027
Equi7Grid,V14,Oceania,E7G_OC,E075N070T1,100000,7500000,7000000,1,X0075_Y0028
Equi7Grid,V14,Oceania,E7G_OC,E075N069T1,100000,7500000,6900000,1,X0075_Y0029
Equi7Grid,V14,Oceania,E7G_OC,E075N068T1,100000,7500000,6800000,1,X0075_Y0030
Equi7Grid,V14,Oceania,E7G_OC,E075N067T1,100000,7500000,6700000,1,X0075_Y0031
Equi7Grid,V14,Oceania,E7G_OC,E075N066T1,100000,7500000,6600000,1,X0075_Y0032
Equi7Grid,V14,Oceania,E7G_OC,E075N065T1,100000,7500000,6500000,1,X0075_Y0033
Equi7Grid,V14,Oceania,E7G_OC,E075N064T1,100000,7500000,6400000,1,X0075_Y0034
Equi7Grid,V14,Oceania,E7G_OC,E075N063T1,100000,7500000,6300000,1,X0075_Y0035
Equi7Grid,V14,Oceania,E7G_OC,E075N062T1,100000,7500000,6200000,1,X0075_Y0036
Equi7Grid,V14,Oceania,E7G_OC,E075N061T1,100000,7500000,6100000,1,X0075_Y0037
Equi7Grid,V14,Oceania,E7G_OC,E075N060T1,100000,7500000,6000000,1,X0075_Y0038
Equi7Grid,V14,Oceania,E7G_OC,E075N059T1,100000,7500000,5900000,1,X0075_Y0039
Equi7Grid,V14,Oceania,E7G_OC,E075N058T1,100000,7500000,5800000,1,X0075_Y0040
Equi7Grid,V14,Oceania,E7G_OC,E076N096T1,100000,7600000,9600000,1,X0076_Y0002
Equi7Grid,V14,Oceania,E7G_OC,E076N095T1,100000,7600000,9500000,1,X0076_Y0003
Equi7Grid,V14,Oceania,E7G_OC,E076N094T1,100000,7600000,9400000,1,X0076_Y0004
Equi7Grid,V14,Oceania,E7G_OC,E076N093T1,100000,7600000,9300000,1,X0076_Y0005
Equi7Grid,V14,Oceania,E7G_OC,E076N092T1,100000,7600000,9200000,1,X0076_Y0006
Equi7Grid,V14,Oceania,E7G_OC,E076N089T1,100000,7600000,8900000,1,X0076_Y0009
Equi7Grid,V14,Oceania,E7G_OC,E076N088T1,100000,7600000,8800000,1,X0076_Y0010
Equi7Grid,V14,Oceania,E7G_OC,E076N080T1,100000,7600000,8000000,1,X0076_Y0018
Equi7Grid,V14,Oceania,E7G_OC,E076N079T1,100000,7600000,7900000,1,X0076_Y0019
Equi7Grid,V14,Oceania,E7G_OC,E076N078T1,100000,7600000,7800000,1,X0076_Y0020
Equi7Grid,V14,Oceania,E7G_OC,E076N077T1,100000,7600000,7700000,1,X0076_Y0021
Equi7Grid,V14,Oceania,E7G_OC,E076N076T1,100000,7600000,7600000,1,X0076_Y0022
Equi7Grid,V14,Oceania,E7G_OC,E076N075T1,100000,7600000,7500000,1,X0076_Y0023
Equi7Grid,V14,Oceania,E7G_OC,E076N074T1,100000,7600000,7400000,1,X0076_Y0024
Equi7Grid,V14,Oceania,E7G_OC,E076N073T1,100000,7600000,7300000,1,X0076_Y0025
Equi7Grid,V14,Oceania,E7G_OC,E076N072T1,100000,7600000,7200000,1,X0076_Y0026
Equi7Grid,V14,Oceania,E7G_OC,E076N071T1,100000,7600000,7100000,1,X0076_Y0027
Equi7Grid,V14,Oceania,E7G_OC,E076N070T1,100000,7600000,7000000,1,X0076_Y0028
Equi7Grid,V14,Oceania,E7G_OC,E076N069T1,100000,7600000,6900000,1,X0076_Y0029
Equi7Grid,V14,Oceania,E7G_OC,E076N068T1,100000,7600000,6800000,1,X0076_Y0030
Equi7Grid,V14,Oceania,E7G_OC,E076N067T1,100000,7600000,6700000,1,X0076_Y0031
Equi7Grid,V14,Oceania,E7G_OC,E076N066T1,100000,7600000,6600000,1,X0076_Y0032
Equi7Grid,V14,Oceania,E7G_OC,E076N065T1,100000,7600000,6500000,1,X0076_Y0033
Equi7Grid,V14,Oceania,E7G_OC,E076N064T1,100000,7600000,6400000,1,X0076_Y0034
Equi7Grid,V14,Oceania,E7G_OC,E076N063T1,100000,7600000,6300000,1,X0076_Y0035
Equi7Grid,V14,Oceania,E7G_OC,E076N062T1,100000,7600000,6200000,1,X0076_Y0036
Equi7Grid,V14,Oceania,E7G_OC,E076N061T1,100000,7600000,6100000,1,X0076_Y0037
Equi7Grid,V14,Oceania,E7G_OC,E076N060T1,100000,7600000,6000000,1,X0076_Y0038
Equi7Grid,V14,Oceania,E7G_OC,E076N059T1,100000,7600000,5900000,1,X0076_Y0039
Equi7Grid,V14,Oceania,E7G_OC,E076N058T1,100000,7600000,5800000,1,X0076_Y0040
Equi7Grid,V14,Oceania,E7G_OC,E077N108T1,100000,7700000,10800000,1,X0077_Y-010
Equi7Grid,V14,Oceania,E7G_OC,E077N096T1,100000,7700000,9600000,1,X0077_Y0002
Equi7Grid,V14,Oceania,E7G_OC,E077N095T1,100000,7700000,9500000,1,X0077_Y0003
Equi7Grid,V14,Oceania,E7G_OC,E077N094T1,100000,7700000,9400000,1,X0077_Y0004
Equi7Grid,V14,Oceania,E7G_OC,E077N093T1,100000,7700000,9300000,1,X0077_Y0005
Equi7Grid,V14,Oceania,E7G_OC,E077N092T1,100000,7700000,9200000,1,X0077_Y0006
Equi7Grid,V14,Oceania,E7G_OC,E077N091T1,100000,7700000,9100000,1,X0077_Y0007
Equi7Grid,V14,Oceania,E7G_OC,E077N090T1,100000,7700000,9000000,1,X0077_Y0008
Equi7Grid,V14,Oceania,E7G_OC,E077N089T1,100000,7700000,8900000,1,X0077_Y0009
Equi7Grid,V14,Oceania,E7G_OC,E077N088T1,100000,7700000,8800000,1,X0077_Y0010
Equi7Grid,V14,Oceania,E7G_OC,E077N079T1,100000,7700000,7900000,1,X0077_Y0019
Equi7Grid,V14,Oceania,E7G_OC,E077N078T1,100000,7700000,7800000,1,X0077_Y0020
Equi7Grid,V14,Oceania,E7G_OC,E077N077T1,100000,7700000,7700000,1,X0077_Y0021
Equi7Grid,V14,Oceania,E7G_OC,E077N076T1,100000,7700000,7600000,1,X0077_Y0022
Equi7Grid,V14,Oceania,E7G_OC,E077N075T1,100000,7700000,7500000,1,X0077_Y0023
Equi7Grid,V14,Oceania,E7G_OC,E077N074T1,100000,7700000,7400000,1,X0077_Y0024
Equi7Grid,V14,Oceania,E7G_OC,E077N073T1,100000,7700000,7300000,1,X0077_Y0025
Equi7Grid,V14,Oceania,E7G_OC,E077N072T1,100000,7700000,7200000,1,X0077_Y0026
Equi7Grid,V14,Oceania,E7G_OC,E077N071T1,100000,7700000,7100000,1,X0077_Y0027
Equi7Grid,V14,Oceania,E7G_OC,E077N070T1,100000,7700000,7000000,1,X0077_Y0028
Equi7Grid,V14,Oceania,E7G_OC,E077N069T1,100000,7700000,6900000,1,X0077_Y0029
Equi7Grid,V14,Oceania,E7G_OC,E077N068T1,100000,7700000,6800000,1,X0077_Y0030
Equi7Grid,V14,Oceania,E7G_OC,E077N067T1,100000,7700000,6700000,1,X0077_Y0031
Equi7Grid,V14,Oceania,E7G_OC,E077N066T1,100000,7700000,6600000,1,X0077_Y0032
Equi7Grid,V14,Oceania,E7G_OC,E077N065T1,100000,7700000,6500000,1,X0077_Y0033
Equi7Grid,V14,Oceania,E7G_OC,E077N064T1,100000,7700000,6400000,1,X0077_Y0034
Equi7Grid,V14,Oceania,E7G_OC,E077N063T1,100000,7700000,6300000,1,X0077_Y0035
Equi7Grid,V14,Oceania,E7G_OC,E077N062T1,100000,7700000,6200000,1,X0077_Y0036
Equi7Grid,V14,Oceania,E7G_OC,E077N061T1,100000,7700000,6100000,1,X0077_Y0037
Equi7Grid,V14,Oceania,E7G_OC,E077N060T1,100000,7700000,6000000,1,X0077_Y0038
Equi7Grid,V14,Oceania,E7G_OC,E077N059T1,100000,7700000,5900000,1,X0077_Y0039
Equi7Grid,V14,Oceania,E7G_OC,E077N058T1,100000,7700000,5800000,1,X0077_Y0040
Equi7Grid,V14,Oceania,E7G_OC,E077N057T1,100000,7700000,5700000,1,X0077_Y0041
Equi7Grid,V14,Oceania,E7G_OC,E077N056T1,100000,7700000,5600000,1,X0077_Y0042
Equi7Grid,V14,Oceania,E7G_OC,E077N055T1,100000,7700000,5500000,1,X0077_Y0043
Equi7Grid,V14,Oceania,E7G_OC,E078N096T1,100000,7800000,9600000,1,X0078_Y0002
Equi7Grid,V14,Oceania,E7G_OC,E078N095T1,100000,7800000,9500000,1,X0078_Y0003
Equi7Grid,V14,Oceania,E7G_OC,E078N094T1,100000,7800000,9400000,1,X0078_Y0004
Equi7Grid,V14,Oceania,E7G_OC,E078N093T1,100000,7800000,9300000,1,X0078_Y0005
Equi7Grid,V14,Oceania,E7G_OC,E078N092T1,100000,7800000,9200000,1,X0078_Y0006
Equi7Grid,V14,Oceania,E7G_OC,E078N091T1,100000,7800000,9100000,1,X0078_Y0007
Equi7Grid,V14,Oceania,E7G_OC,E078N090T1,100000,7800000,9000000,1,X0078_Y0008
Equi7Grid,V14,Oceania,E7G_OC,E078N089T1,100000,7800000,8900000,1,X0078_Y0009
Equi7Grid,V14,Oceania,E7G_OC,E078N088T1,100000,7800000,8800000,1,X0078_Y0010
Equi7Grid,V14,Oceania,E7G_OC,E078N079T1,100000,7800000,7900000,1,X0078_Y0019
Equi7Grid,V14,Oceania,E7G_OC,E078N078T1,100000,7800000,7800000,1,X0078_Y0020
Equi7Grid,V14,Oceania,E7G_OC,E078N077T1,100000,7800000,7700000,1,X0078_Y0021
Equi7Grid,V14,Oceania,E7G_OC,E078N076T1,100000,7800000,7600000,1,X0078_Y0022
Equi7Grid,V14,Oceania,E7G_OC,E078N075T1,100000,7800000,7500000,1,X0078_Y0023
Equi7Grid,V14,Oceania,E7G_OC,E078N074T1,100000,7800000,7400000,1,X0078_Y0024
Equi7Grid,V14,Oceania,E7G_OC,E078N073T1,100000,7800000,7300000,1,X0078_Y0025
Equi7Grid,V14,Oceania,E7G_OC,E078N072T1,100000,7800000,7200000,1,X0078_Y0026
Equi7Grid,V14,Oceania,E7G_OC,E078N071T1,100000,7800000,7100000,1,X0078_Y0027
Equi7Grid,V14,Oceania,E7G_OC,E078N070T1,100000,7800000,7000000,1,X0078_Y0028
Equi7Grid,V14,Oceania,E7G_OC,E078N069T1,100000,7800000,6900000,1,X0078_Y0029
Equi7Grid,V14,Oceania,E7G_OC,E078N068T1,100000,7800000,6800000,1,X0078_Y0030
Equi7Grid,V14,Oceania,E7G_OC,E078N067T1,100000,7800000,6700000,1,X0078_Y0031
Equi7Grid,V14,Oceania,E7G_OC,E078N066T1,100000,7800000,6600000,1,X0078_Y0032
Equi7Grid,V14,Oceania,E7G_OC,E078N065T1,100000,7800000,6500000,1,X0078_Y0033
Equi7Grid,V14,Oceania,E7G_OC,E078N064T1,100000,7800000,6400000,1,X0078_Y0034
Equi7Grid,V14,Oceania,E7G_OC,E078N063T1,100000,7800000,6300000,1,X0078_Y0035
Equi7Grid,V14,Oceania,E7G_OC,E078N062T1,100000,7800000,6200000,1,X0078_Y0036
Equi7Grid,V14,Oceania,E7G_OC,E078N061T1,100000,7800000,6100000,1,X0078_Y0037
Equi7Grid,V14,Oceania,E7G_OC,E078N060T1,100000,7800000,6000000,1,X0078_Y0038
Equi7Grid,V14,Oceania,E7G_OC,E078N059T1,100000,7800000,5900000,1,X0078_Y0039
Equi7Grid,V14,Oceania,E7G_OC,E078N058T1,100000,7800000,5800000,1,X0078_Y0040
Equi7Grid,V14,Oceania,E7G_OC,E078N057T1,100000,7800000,5700000,1,X0078_Y0041
Equi7Grid,V14,Oceania,E7G_OC,E078N056T1,100000,7800000,5600000,1,X0078_Y0042
Equi7Grid,V14,Oceania,E7G_OC,E078N055T1,100000,7800000,5500000,1,X0078_Y0043
Equi7Grid,V14,Oceania,E7G_OC,E079N095T1,100000,7900000,9500000,1,X0079_Y0003
Equi7Grid,V14,Oceania,E7G_OC,E079N094T1,100000,7900000,9400000,1,X0079_Y0004
Equi7Grid,V14,Oceania,E7G_OC,E079N093T1,100000,7900000,9300000,1,X0079_Y0005
Equi7Grid,V14,Oceania,E7G_OC,E079N092T1,100000,7900000,9200000,1,X0079_Y0006
Equi7Grid,V14,Oceania,E7G_OC,E079N091T1,100000,7900000,9100000,1,X0079_Y0007
Equi7Grid,V14,Oceania,E7G_OC,E079N090T1,100000,7900000,9000000,1,X0079_Y0008
Equi7Grid,V14,Oceania,E7G_OC,E079N089T1,100000,7900000,8900000,1,X0079_Y0009
Equi7Grid,V14,Oceania,E7G_OC,E079N088T1,100000,7900000,8800000,1,X0079_Y0010
Equi7Grid,V14,Oceania,E7G_OC,E079N079T1,100000,7900000,7900000,1,X0079_Y0019
Equi7Grid,V14,Oceania,E7G_OC,E079N078T1,100000,7900000,7800000,1,X0079_Y0020
Equi7Grid,V14,Oceania,E7G_OC,E079N077T1,100000,7900000,7700000,1,X0079_Y0021
Equi7Grid,V14,Oceania,E7G_OC,E079N076T1,100000,7900000,7600000,1,X0079_Y0022
Equi7Grid,V14,Oceania,E7G_OC,E079N075T1,100000,7900000,7500000,1,X0079_Y0023
Equi7Grid,V14,Oceania,E7G_OC,E079N074T1,100000,7900000,7400000,1,X0079_Y0024
Equi7Grid,V14,Oceania,E7G_OC,E079N073T1,100000,7900000,7300000,1,X0079_Y0025
Equi7Grid,V14,Oceania,E7G_OC,E079N072T1,100000,7900000,7200000,1,X0079_Y0026
Equi7Grid,V14,Oceania,E7G_OC,E079N071T1,100000,7900000,7100000,1,X0079_Y0027
Equi7Grid,V14,Oceania,E7G_OC,E079N070T1,100000,7900000,7000000,1,X0079_Y0028
Equi7Grid,V14,Oceania,E7G_OC,E079N069T1,100000,7900000,6900000,1,X0079_Y0029
Equi7Grid,V14,Oceania,E7G_OC,E079N068T1,100000,7900000,6800000,1,X0079_Y0030
Equi7Grid,V14,Oceania,E7G_OC,E079N067T1,100000,7900000,6700000,1,X0079_Y0031
Equi7Grid,V14,Oceania,E7G_OC,E079N066T1,100000,7900000,6600000,1,X0079_Y0032
Equi7Grid,V14,Oceania,E7G_OC,E079N065T1,100000,7900000,6500000,1,X0079_Y0033
Equi7Grid,V14,Oceania,E7G_OC,E079N064T1,100000,7900000,6400000,1,X0079_Y0034
Equi7Grid,V14,Oceania,E7G_OC,E079N063T1,100000,7900000,6300000,1,X0079_Y0035
Equi7Grid,V14,Oceania,E7G_OC,E079N062T1,100000,7900000,6200000,1,X0079_Y0036
Equi7Grid,V14,Oceania,E7G_OC,E079N061T1,100000,7900000,6100000,1,X0079_Y0037
Equi7Grid,V14,Oceania,E7G_OC,E079N060T1,100000,7900000,6000000,1,X0079_Y0038
Equi7Grid,V14,Oceania,E7G_OC,E079N059T1,100000,7900000,5900000,1,X0079_Y0039
Equi7Grid,V14,Oceania,E7G_OC,E079N058T1,100000,7900000,5800000,1,X0079_Y0040
Equi7Grid,V14,Oceania,E7G_OC,E079N057T1,100000,7900000,5700000,1,X0079_Y0041
Equi7Grid,V14,Oceania,E7G_OC,E079N056T1,100000,7900000,5600000,1,X0079_Y0042
Equi7Grid,V14,Oceania,E7G_OC,E079N055T1,100000,7900000,5500000,1,X0079_Y0043
Equi7Grid,V14,Oceania,E7G_OC,E079N054T1,100000,7900000,5400000,1,X0079_Y0044
Equi7Grid,V14,Oceania,E7G_OC,E080N108T1,100000,8000000,10800000,1,X0080_Y-010
Equi7Grid,V14,Oceania,E7G_OC,E080N095T1,100000,8000000,9500000,1,X0080_Y0003
Equi7Grid,V14,Oceania,E7G_OC,E080N094T1,100000,8000000,9400000,1,X0080_Y0004
Equi7Grid,V14,Oceania,E7G_OC,E080N093T1,100000,8000000,9300000,1,X0080_Y0005
Equi7Grid,V14,Oceania,E7G_OC,E080N092T1,100000,8000000,9200000,1,X0080_Y0006
Equi7Grid,V14,Oceania,E7G_OC,E080N091T1,100000,8000000,9100000,1,X0080_Y0007
Equi7Grid,V14,Oceania,E7G_OC,E080N090T1,100000,8000000,9000000,1,X0080_Y0008
Equi7Grid,V14,Oceania,E7G_OC,E080N089T1,100000,8000000,8900000,1,X0080_Y0009
Equi7Grid,V14,Oceania,E7G_OC,E080N088T1,100000,8000000,8800000,1,X0080_Y0010
Equi7Grid,V14,Oceania,E7G_OC,E080N087T1,100000,8000000,8700000,1,X0080_Y0011
Equi7Grid,V14,Oceania,E7G_OC,E080N084T1,100000,8000000,8400000,1,X0080_Y0014
Equi7Grid,V14,Oceania,E7G_OC,E080N083T1,100000,8000000,8300000,1,X0080_Y0015
Equi7Grid,V14,Oceania,E7G_OC,E080N082T1,100000,8000000,8200000,1,X0080_Y0016
Equi7Grid,V14,Oceania,E7G_OC,E080N081T1,100000,8000000,8100000,1,X0080_Y0017
Equi7Grid,V14,Oceania,E7G_OC,E080N080T1,100000,8000000,8000000,1,X0080_Y0018
Equi7Grid,V14,Oceania,E7G_OC,E080N079T1,100000,8000000,7900000,1,X0080_Y0019
Equi7Grid,V14,Oceania,E7G_OC,E080N078T1,100000,8000000,7800000,1,X0080_Y0020
Equi7Grid,V14,Oceania,E7G_OC,E080N077T1,100000,8000000,7700000,1,X0080_Y0021
Equi7Grid,V14,Oceania,E7G_OC,E080N076T1,100000,8000000,7600000,1,X0080_Y0022
Equi7Grid,V14,Oceania,E7G_OC,E080N075T1,100000,8000000,7500000,1,X0080_Y0023
Equi7Grid,V14,Oceania,E7G_OC,E080N074T1,100000,8000000,7400000,1,X0080_Y0024
Equi7Grid,V14,Oceania,E7G_OC,E080N073T1,100000,8000000,7300000,1,X0080_Y0025
Equi7Grid,V14,Oceania,E7G_OC,E080N072T1,100000,8000000,7200000,1,X0080_Y0026
Equi7Grid,V14,Oceania,E7G_OC,E080N071T1,100000,8000000,7100000,1,X0080_Y0027
Equi7Grid,V14,Oceania,E7G_OC,E080N070T1,100000,8000000,7000000,1,X0080_Y0028
Equi7Grid,V14,Oceania,E7G_OC,E080N069T1,100000,8000000,6900000,1,X0080_Y0029
Equi7Grid,V14,Oceania,E7G_OC,E080N068T1,100000,8000000,6800000,1,X0080_Y0030
Equi7Grid,V14,Oceania,E7G_OC,E080N067T1,100000,8000000,6700000,1,X0080_Y0031
Equi7Grid,V14,Oceania,E7G_OC,E080N066T1,100000,8000000,6600000,1,X0080_Y0032
Equi7Grid,V14,Oceania,E7G_OC,E080N065T1,100000,8000000,6500000,1,X0080_Y0033
Equi7Grid,V14,Oceania,E7G_OC,E080N064T1,100000,8000000,6400000,1,X0080_Y0034
Equi7Grid,V14,Oceania,E7G_OC,E080N063T1,100000,8000000,6300000,1,X0080_Y0035
Equi7Grid,V14,Oceania,E7G_OC,E080N062T1,100000,8000000,6200000,1,X0080_Y0036
Equi7Grid,V14,Oceania,E7G_OC,E080N061T1,100000,8000000,6100000,1,X0080_Y0037
Equi7Grid,V14,Oceania,E7G_OC,E080N060T1,100000,8000000,6000000,1,X0080_Y0038
Equi7Grid,V14,Oceania,E7G_OC,E080N059T1,100000,8000000,5900000,1,X0080_Y0039
Equi7Grid,V14,Oceania,E7G_OC,E080N058T1,100000,8000000,5800000,1,X0080_Y0040
Equi7Grid,V14,Oceania,E7G_OC,E080N057T1,100000,8000000,5700000,1,X0080_Y0041
Equi7Grid,V14,Oceania,E7G_OC,E080N056T1,100000,8000000,5600000,1,X0080_Y0042
Equi7Grid,V14,Oceania,E7G_OC,E080N055T1,100000,8000000,5500000,1,X0080_Y0043
Equi7Grid,V14,Oceania,E7G_OC,E080N054T1,100000,8000000,5400000,1,X0080_Y0044
Equi7Grid,V14,Oceania,E7G_OC,E080N053T1,100000,8000000,5300000,1,X0080_Y0045
Equi7Grid,V14,Oceania,E7G_OC,E081N094T1,100000,8100000,9400000,1,X0081_Y0004
Equi7Grid,V14,Oceania,E7G_OC,E081N093T1,100000,8100000,9300000,1,X0081_Y0005
Equi7Grid,V14,Oceania,E7G_OC,E081N092T1,100000,8100000,9200000,1,X0081_Y0006
Equi7Grid,V14,Oceania,E7G_OC,E081N091T1,100000,8100000,9100000,1,X0081_Y0007
Equi7Grid,V14,Oceania,E7G_OC,E081N090T1,100000,8100000,9000000,1,X0081_Y0008
Equi7Grid,V14,Oceania,E7G_OC,E081N089T1,100000,8100000,8900000,1,X0081_Y0009
Equi7Grid,V14,Oceania,E7G_OC,E081N088T1,100000,8100000,8800000,1,X0081_Y0010
Equi7Grid,V14,Oceania,E7G_OC,E081N087T1,100000,8100000,8700000,1,X0081_Y0011
Equi7Grid,V14,Oceania,E7G_OC,E081N086T1,100000,8100000,8600000,1,X0081_Y0012
Equi7Grid,V14,Oceania,E7G_OC,E081N085T1,100000,8100000,8500000,1,X0081_Y0013
Equi7Grid,V14,Oceania,E7G_OC,E081N084T1,100000,8100000,8400000,1,X0081_Y0014
Equi7Grid,V14,Oceania,E7G_OC,E081N083T1,100000,8100000,8300000,1,X0081_Y0015
Equi7Grid,V14,Oceania,E7G_OC,E081N082T1,100000,8100000,8200000,1,X0081_Y0016
Equi7Grid,V14,Oceania,E7G_OC,E081N081T1,100000,8100000,8100000,1,X0081_Y0017
Equi7Grid,V14,Oceania,E7G_OC,E081N080T1,100000,8100000,8000000,1,X0081_Y0018
Equi7Grid,V14,Oceania,E7G_OC,E081N079T1,100000,8100000,7900000,1,X0081_Y0019
Equi7Grid,V14,Oceania,E7G_OC,E081N078T1,100000,8100000,7800000,1,X0081_Y0020
Equi7Grid,V14,Oceania,E7G_OC,E081N077T1,100000,8100000,7700000,1,X0081_Y0021
Equi7Grid,V14,Oceania,E7G_OC,E081N076T1,100000,8100000,7600000,1,X0081_Y0022
Equi7Grid,V14,Oceania,E7G_OC,E081N075T1,100000,8100000,7500000,1,X0081_Y0023
Equi7Grid,V14,Oceania,E7G_OC,E081N074T1,100000,8100000,7400000,1,X0081_Y0024
Equi7Grid,V14,Oceania,E7G_OC,E081N073T1,100000,8100000,7300000,1,X0081_Y0025
Equi7Grid,V14,Oceania,E7G_OC,E081N072T1,100000,8100000,7200000,1,X0081_Y0026
Equi7Grid,V14,Oceania,E7G_OC,E081N071T1,100000,8100000,7100000,1,X0081_Y0027
Equi7Grid,V14,Oceania,E7G_OC,E081N070T1,100000,8100000,7000000,1,X0081_Y0028
Equi7Grid,V14,Oceania,E7G_OC,E081N069T1,100000,8100000,6900000,1,X0081_Y0029
Equi7Grid,V14,Oceania,E7G_OC,E081N068T1,100000,8100000,6800000,1,X0081_Y0030
Equi7Grid,V14,Oceania,E7G_OC,E081N067T1,100000,8100000,6700000,1,X0081_Y0031
Equi7Grid,V14,Oceania,E7G_OC,E081N066T1,100000,8100000,6600000,1,X0081_Y0032
Equi7Grid,V14,Oceania,E7G_OC,E081N065T1,100000,8100000,6500000,1,X0081_Y0033
Equi7Grid,V14,Oceania,E7G_OC,E081N064T1,100000,8100000,6400000,1,X0081_Y0034
Equi7Grid,V14,Oceania,E7G_OC,E081N063T1,100000,8100000,6300000,1,X0081_Y0035
Equi7Grid,V14,Oceania,E7G_OC,E081N062T1,100000,8100000,6200000,1,X0081_Y0036
Equi7Grid,V14,Oceania,E7G_OC,E081N061T1,100000,8100000,6100000,1,X0081_Y0037
Equi7Grid,V14,Oceania,E7G_OC,E081N060T1,100000,8100000,6000000,1,X0081_Y0038
Equi7Grid,V14,Oceania,E7G_OC,E081N059T1,100000,8100000,5900000,1,X0081_Y0039
Equi7Grid,V14,Oceania,E7G_OC,E081N058T1,100000,8100000,5800000,1,X0081_Y0040
Equi7Grid,V14,Oceania,E7G_OC,E081N057T1,100000,8100000,5700000,1,X0081_Y0041
Equi7Grid,V14,Oceania,E7G_OC,E081N056T1,100000,8100000,5600000,1,X0081_Y0042
Equi7Grid,V14,Oceania,E7G_OC,E081N055T1,100000,8100000,5500000,1,X0081_Y0043
Equi7Grid,V14,Oceania,E7G_OC,E081N054T1,100000,8100000,5400000,1,X0081_Y0044
Equi7Grid,V14,Oceania,E7G_OC,E081N052T1,100000,8100000,5200000,1,X0081_Y0046
Equi7Grid,V14,Oceania,E7G_OC,E081N051T1,100000,8100000,5100000,1,X0081_Y0047
Equi7Grid,V14,Oceania,E7G_OC,E081N050T1,100000,8100000,5000000,1,X0081_Y0048
Equi7Grid,V14,Oceania,E7G_OC,E081N049T1,100000,8100000,4900000,1,X0081_Y0049
Equi7Grid,V14,Oceania,E7G_OC,E082N095T1,100000,8200000,9500000,1,X0082_Y0003
Equi7Grid,V14,Oceania,E7G_OC,E082N094T1,100000,8200000,9400000,1,X0082_Y0004
Equi7Grid,V14,Oceania,E7G_OC,E082N093T1,100000,8200000,9300000,1,X0082_Y0005
Equi7Grid,V14,Oceania,E7G_OC,E082N092T1,100000,8200000,9200000,1,X0082_Y0006
Equi7Grid,V14,Oceania,E7G_OC,E082N091T1,100000,8200000,9100000,1,X0082_Y0007
Equi7Grid,V14,Oceania,E7G_OC,E082N090T1,100000,8200000,9000000,1,X0082_Y0008
Equi7Grid,V14,Oceania,E7G_OC,E082N089T1,100000,8200000,8900000,1,X0082_Y0009
Equi7Grid,V14,Oceania,E7G_OC,E082N088T1,100000,8200000,8800000,1,X0082_Y0010
Equi7Grid,V14,Oceania,E7G_OC,E082N087T1,100000,8200000,8700000,1,X0082_Y0011
Equi7Grid,V14,Oceania,E7G_OC,E082N085T1,100000,8200000,8500000,1,X0082_Y0013
Equi7Grid,V14,Oceania,E7G_OC,E082N084T1,100000,8200000,8400000,1,X0082_Y0014
Equi7Grid,V14,Oceania,E7G_OC,E082N083T1,100000,8200000,8300000,1,X0082_Y0015
Equi7Grid,V14,Oceania,E7G_OC,E082N082T1,100000,8200000,8200000,1,X0082_Y0016
Equi7Grid,V14,Oceania,E7G_OC,E082N081T1,100000,8200000,8100000,1,X0082_Y0017
Equi7Grid,V14,Oceania,E7G_OC,E082N080T1,100000,8200000,8000000,1,X0082_Y0018
Equi7Grid,V14,Oceania,E7G_OC,E082N079T1,100000,8200000,7900000,1,X0082_Y0019
Equi7Grid,V14,Oceania,E7G_OC,E082N078T1,100000,8200000,7800000,1,X0082_Y0020
Equi7Grid,V14,Oceania,E7G_OC,E082N077T1,100000,8200000,7700000,1,X0082_Y0021
Equi7Grid,V14,Oceania,E7G_OC,E082N076T1,100000,8200000,7600000,1,X0082_Y0022
Equi7Grid,V14,Oceania,E7G_OC,E082N075T1,100000,8200000,7500000,1,X0082_Y0023
Equi7Grid,V14,Oceania,E7G_OC,E082N074T1,100000,8200000,7400000,1,X0082_Y0024
Equi7Grid,V14,Oceania,E7G_OC,E082N073T1,100000,8200000,7300000,1,X0082_Y0025
Equi7Grid,V14,Oceania,E7G_OC,E082N072T1,100000,8200000,7200000,1,X0082_Y0026
Equi7Grid,V14,Oceania,E7G_OC,E082N071T1,100000,8200000,7100000,1,X0082_Y0027
Equi7Grid,V14,Oceania,E7G_OC,E082N070T1,100000,8200000,7000000,1,X0082_Y0028
Equi7Grid,V14,Oceania,E7G_OC,E082N069T1,100000,8200000,6900000,1,X0082_Y0029
Equi7Grid,V14,Oceania,E7G_OC,E082N068T1,100000,8200000,6800000,1,X0082_Y0030
Equi7Grid,V14,Oceania,E7G_OC,E082N067T1,100000,8200000,6700000,1,X0082_Y0031
Equi7Grid,V14,Oceania,E7G_OC,E082N066T1,100000,8200000,6600000,1,X0082_Y0032
Equi7Grid,V14,Oceania,E7G_OC,E082N065T1,100000,8200000,6500000,1,X0082_Y0033
Equi7Grid,V14,Oceania,E7G_OC,E082N064T1,100000,8200000,6400000,1,X0082_Y0034
Equi7Grid,V14,Oceania,E7G_OC,E082N063T1,100000,8200000,6300000,1,X0082_Y0035
Equi7Grid,V14,Oceania,E7G_OC,E082N062T1,100000,8200000,6200000,1,X0082_Y0036
Equi7Grid,V14,Oceania,E7G_OC,E082N061T1,100000,8200000,6100000,1,X0082_Y0037
Equi7Grid,V14,Oceania,E7G_OC,E082N060T1,100000,8200000,6000000,1,X0082_Y0038
Equi7Grid,V14,Oceania,E7G_OC,E082N059T1,100000,8200000,5900000,1,X0082_Y0039
Equi7Grid,V14,Oceania,E7G_OC,E082N058T1,100000,8200000,5800000,1,X0082_Y0040
Equi7Grid,V14,Oceania,E7G_OC,E082N057T1,100000,8200000,5700000,1,X0082_Y0041
Equi7Grid,V14,Oceania,E7G_OC,E082N056T1,100000,8200000,5600000,1,X0082_Y0042
Equi7Grid,V14,Oceania,E7G_OC,E082N055T1,100000,8200000,5500000,1,X0082_Y0043
Equi7Grid,V14,Oceania,E7G_OC,E082N054T1,100000,8200000,5400000,1,X0082_Y0044
Equi7Grid,V14,Oceania,E7G_OC,E082N052T1,100000,8200000,5200000,1,X0082_Y0046
Equi7Grid,V14,Oceania,E7G_OC,E082N051T1,100000,8200000,5100000,1,X0082_Y0047
Equi7Grid,V14,Oceania,E7G_OC,E082N050T1,100000,8200000,5000000,1,X0082_Y0048
Equi7Grid,V14,Oceania,E7G_OC,E082N049T1,100000,8200000,4900000,1,X0082_Y0049
Equi7Grid,V14,Oceania,E7G_OC,E082N048T1,100000,8200000,4800000,1,X0082_Y0050
Equi7Grid,V14,Oceania,E7G_OC,E083N094T1,100000,8300000,9400000,1,X0083_Y0004
Equi7Grid,V14,Oceania,E7G_OC,E083N093T1,100000,8300000,9300000,1,X0083_Y0005
Equi7Grid,V14,Oceania,E7G_OC,E083N092T1,100000,8300000,9200000,1,X0083_Y0006
Equi7Grid,V14,Oceania,E7G_OC,E083N091T1,100000,8300000,9100000,1,X0083_Y0007
Equi7Grid,V14,Oceania,E7G_OC,E083N090T1,100000,8300000,9000000,1,X0083_Y0008
Equi7Grid,V14,Oceania,E7G_OC,E083N089T1,100000,8300000,8900000,1,X0083_Y0009
Equi7Grid,V14,Oceania,E7G_OC,E083N088T1,100000,8300000,8800000,1,X0083_Y0010
Equi7Grid,V14,Oceania,E7G_OC,E083N087T1,100000,8300000,8700000,1,X0083_Y0011
Equi7Grid,V14,Oceania,E7G_OC,E083N082T1,100000,8300000,8200000,1,X0083_Y0016
Equi7Grid,V14,Oceania,E7G_OC,E083N081T1,100000,8300000,8100000,1,X0083_Y0017
Equi7Grid,V14,Oceania,E7G_OC,E083N080T1,100000,8300000,8000000,1,X0083_Y0018
Equi7Grid,V14,Oceania,E7G_OC,E083N079T1,100000,8300000,7900000,1,X0083_Y0019
Equi7Grid,V14,Oceania,E7G_OC,E083N078T1,100000,8300000,7800000,1,X0083_Y0020
Equi7Grid,V14,Oceania,E7G_OC,E083N077T1,100000,8300000,7700000,1,X0083_Y0021
Equi7Grid,V14,Oceania,E7G_OC,E083N076T1,100000,8300000,7600000,1,X0083_Y0022
Equi7Grid,V14,Oceania,E7G_OC,E083N075T1,100000,8300000,7500000,1,X0083_Y0023
Equi7Grid,V14,Oceania,E7G_OC,E083N074T1,100000,8300000,7400000,1,X0083_Y0024
Equi7Grid,V14,Oceania,E7G_OC,E083N073T1,100000,8300000,7300000,1,X0083_Y0025
Equi7Grid,V14,Oceania,E7G_OC,E083N072T1,100000,8300000,7200000,1,X0083_Y0026
Equi7Grid,V14,Oceania,E7G_OC,E083N071T1,100000,8300000,7100000,1,X0083_Y0027
Equi7Grid,V14,Oceania,E7G_OC,E083N070T1,100000,8300000,7000000,1,X0083_Y0028
Equi7Grid,V14,Oceania,E7G_OC,E083N069T1,100000,8300000,6900000,1,X0083_Y0029
Equi7Grid,V14,Oceania,E7G_OC,E083N068T1,100000,8300000,6800000,1,X0083_Y0030
Equi7Grid,V14,Oceania,E7G_OC,E083N067T1,100000,8300000,6700000,1,X0083_Y0031
Equi7Grid,V14,Oceania,E7G_OC,E083N066T1,100000,8300000,6600000,1,X0083_Y0032
Equi7Grid,V14,Oceania,E7G_OC,E083N065T1,100000,8300000,6500000,1,X0083_Y0033
Equi7Grid,V14,Oceania,E7G_OC,E083N064T1,100000,8300000,6400000,1,X0083_Y0034
Equi7Grid,V14,Oceania,E7G_OC,E083N063T1,100000,8300000,6300000,1,X0083_Y0035
Equi7Grid,V14,Oceania,E7G_OC,E083N062T1,100000,8300000,6200000,1,X0083_Y0036
Equi7Grid,V14,Oceania,E7G_OC,E083N061T1,100000,8300000,6100000,1,X0083_Y0037
Equi7Grid,V14,Oceania,E7G_OC,E083N060T1,100000,8300000,6000000,1,X0083_Y0038
Equi7Grid,V14,Oceania,E7G_OC,E083N059T1,100000,8300000,5900000,1,X0083_Y0039
Equi7Grid,V14,Oceania,E7G_OC,E083N058T1,100000,8300000,5800000,1,X0083_Y0040
Equi7Grid,V14,Oceania,E7G_OC,E083N057T1,100000,8300000,5700000,1,X0083_Y0041
Equi7Grid,V14,Oceania,E7G_OC,E083N056T1,100000,8300000,5600000,1,X0083_Y0042
Equi7Grid,V14,Oceania,E7G_OC,E083N055T1,100000,8300000,5500000,1,X0083_Y0043
Equi7Grid,V14,Oceania,E7G_OC,E083N054T1,100000,8300000,5400000,1,X0083_Y0044
Equi7Grid,V14,Oceania,E7G_OC,E083N052T1,100000,8300000,5200000,1,X0083_Y0046
Equi7Grid,V14,Oceania,E7G_OC,E083N051T1,100000,8300000,5100000,1,X0083_Y0047
Equi7Grid,V14,Oceania,E7G_OC,E083N050T1,100000,8300000,5000000,1,X0083_Y0048
Equi7Grid,V14,Oceania,E7G_OC,E083N049T1,100000,8300000,4900000,1,X0083_Y0049
Equi7Grid,V14,Oceania,E7G_OC,E084N112T1,100000,8400000,11200000,1,X0084_Y-014
Equi7Grid,V14,Oceania,E7G_OC,E084N094T1,100000,8400000,9400000,1,X0084_Y0004
Equi7Grid,V14,Oceania,E7G_OC,E084N093T1,100000,8400000,9300000,1,X0084_Y0005
Equi7Grid,V14,Oceania,E7G_OC,E084N092T1,100000,8400000,9200000,1,X0084_Y0006
Equi7Grid,V14,Oceania,E7G_OC,E084N091T1,100000,8400000,9100000,1,X0084_Y0007
Equi7Grid,V14,Oceania,E7G_OC,E084N090T1,100000,8400000,9000000,1,X0084_Y0008
Equi7Grid,V14,Oceania,E7G_OC,E084N089T1,100000,8400000,8900000,1,X0084_Y0009
Equi7Grid,V14,Oceania,E7G_OC,E084N088T1,100000,8400000,8800000,1,X0084_Y0010
Equi7Grid,V14,Oceania,E7G_OC,E084N081T1,100000,8400000,8100000,1,X0084_Y0017
Equi7Grid,V14,Oceania,E7G_OC,E084N080T1,100000,8400000,8000000,1,X0084_Y0018
Equi7Grid,V14,Oceania,E7G_OC,E084N079T1,100000,8400000,7900000,1,X0084_Y0019
Equi7Grid,V14,Oceania,E7G_OC,E084N078T1,100000,8400000,7800000,1,X0084_Y0020
Equi7Grid,V14,Oceania,E7G_OC,E084N077T1,100000,8400000,7700000,1,X0084_Y0021
Equi7Grid,V14,Oceania,E7G_OC,E084N076T1,100000,8400000,7600000,1,X0084_Y0022
Equi7Grid,V14,Oceania,E7G_OC,E084N075T1,100000,8400000,7500000,1,X0084_Y0023
Equi7Grid,V14,Oceania,E7G_OC,E084N074T1,100000,8400000,7400000,1,X0084_Y0024
Equi7Grid,V14,Oceania,E7G_OC,E084N073T1,100000,8400000,7300000,1,X0084_Y0025
Equi7Grid,V14,Oceania,E7G_OC,E084N072T1,100000,8400000,7200000,1,X0084_Y0026
Equi7Grid,V14,Oceania,E7G_OC,E084N071T1,100000,8400000,7100000,1,X0084_Y0027
Equi7Grid,V14,Oceania,E7G_OC,E084N070T1,100000,8400000,7000000,1,X0084_Y0028
Equi7Grid,V14,Oceania,E7G_OC,E084N069T1,100000,8400000,6900000,1,X0084_Y0029
Equi7Grid,V14,Oceania,E7G_OC,E084N068T1,100000,8400000,6800000,1,X0084_Y0030
Equi7Grid,V14,Oceania,E7G_OC,E084N067T1,100000,8400000,6700000,1,X0084_Y0031
Equi7Grid,V14,Oceania,E7G_OC,E084N066T1,100000,8400000,6600000,1,X0084_Y0032
Equi7Grid,V14,Oceania,E7G_OC,E084N065T1,100000,8400000,6500000,1,X0084_Y0033
Equi7Grid,V14,Oceania,E7G_OC,E084N064T1,100000,8400000,6400000,1,X0084_Y0034
Equi7Grid,V14,Oceania,E7G_OC,E084N063T1,100000,8400000,6300000,1,X0084_Y0035
Equi7Grid,V14,Oceania,E7G_OC,E084N062T1,100000,8400000,6200000,1,X0084_Y0036
Equi7Grid,V14,Oceania,E7G_OC,E084N061T1,100000,8400000,6100000,1,X0084_Y0037
Equi7Grid,V14,Oceania,E7G_OC,E084N060T1,100000,8400000,6000000,1,X0084_Y0038
Equi7Grid,V14,Oceania,E7G_OC,E084N059T1,100000,8400000,5900000,1,X0084_Y0039
Equi7Grid,V14,Oceania,E7G_OC,E084N058T1,100000,8400000,5800000,1,X0084_Y0040
Equi7Grid,V14,Oceania,E7G_OC,E084N057T1,100000,8400000,5700000,1,X0084_Y0041
Equi7Grid,V14,Oceania,E7G_OC,E084N056T1,100000,8400000,5600000,1,X0084_Y0042
Equi7Grid,V14,Oceania,E7G_OC,E084N055T1,100000,8400000,5500000,1,X0084_Y0043
Equi7Grid,V14,Oceania,E7G_OC,E084N054T1,100000,8400000,5400000,1,X0084_Y0044
Equi7Grid,V14,Oceania,E7G_OC,E084N053T1,100000,8400000,5300000,1,X0084_Y0045
Equi7Grid,V14,Oceania,E7G_OC,E084N052T1,100000,8400000,5200000,1,X0084_Y0046
Equi7Grid,V14,Oceania,E7G_OC,E084N051T1,100000,8400000,5100000,1,X0084_Y0047
Equi7Grid,V14,Oceania,E7G_OC,E084N050T1,100000,8400000,5000000,1,X0084_Y0048
Equi7Grid,V14,Oceania,E7G_OC,E085N112T1,100000,8500000,11200000,1,X0085_Y-014
Equi7Grid,V14,Oceania,E7G_OC,E085N113T1,100000,8500000,11300000,1,X0085_Y-015
Equi7Grid,V14,Oceania,E7G_OC,E085N114T1,100000,8500000,11400000,1,X0085_Y-016
Equi7Grid,V14,Oceania,E7G_OC,E085N118T1,100000,8500000,11800000,1,X0085_Y-020
Equi7Grid,V14,Oceania,E7G_OC,E085N119T1,100000,8500000,11900000,1,X0085_Y-021
Equi7Grid,V14,Oceania,E7G_OC,E085N120T1,100000,8500000,12000000,1,X0085_Y-022
Equi7Grid,V14,Oceania,E7G_OC,E085N093T1,100000,8500000,9300000,1,X0085_Y0005
Equi7Grid,V14,Oceania,E7G_OC,E085N092T1,100000,8500000,9200000,1,X0085_Y0006
Equi7Grid,V14,Oceania,E7G_OC,E085N091T1,100000,8500000,9100000,1,X0085_Y0007
Equi7Grid,V14,Oceania,E7G_OC,E085N090T1,100000,8500000,9000000,1,X0085_Y0008
Equi7Grid,V14,Oceania,E7G_OC,E085N089T1,100000,8500000,8900000,1,X0085_Y0009
Equi7Grid,V14,Oceania,E7G_OC,E085N088T1,100000,8500000,8800000,1,X0085_Y0010
Equi7Grid,V14,Oceania,E7G_OC,E085N078T1,100000,8500000,7800000,1,X0085_Y0020
Equi7Grid,V14,Oceania,E7G_OC,E085N077T1,100000,8500000,7700000,1,X0085_Y0021
Equi7Grid,V14,Oceania,E7G_OC,E085N076T1,100000,8500000,7600000,1,X0085_Y0022
Equi7Grid,V14,Oceania,E7G_OC,E085N075T1,100000,8500000,7500000,1,X0085_Y0023
Equi7Grid,V14,Oceania,E7G_OC,E085N074T1,100000,8500000,7400000,1,X0085_Y0024
Equi7Grid,V14,Oceania,E7G_OC,E085N073T1,100000,8500000,7300000,1,X0085_Y0025
Equi7Grid,V14,Oceania,E7G_OC,E085N072T1,100000,8500000,7200000,1,X0085_Y0026
Equi7Grid,V14,Oceania,E7G_OC,E085N071T1,100000,8500000,7100000,1,X0085_Y0027
Equi7Grid,V14,Oceania,E7G_OC,E085N070T1,100000,8500000,7000000,1,X0085_Y0028
Equi7Grid,V14,Oceania,E7G_OC,E085N069T1,100000,8500000,6900000,1,X0085_Y0029
Equi7Grid,V14,Oceania,E7G_OC,E085N068T1,100000,8500000,6800000,1,X0085_Y0030
Equi7Grid,V14,Oceania,E7G_OC,E085N067T1,100000,8500000,6700000,1,X0085_Y0031
Equi7Grid,V14,Oceania,E7G_OC,E085N066T1,100000,8500000,6600000,1,X0085_Y0032
Equi7Grid,V14,Oceania,E7G_OC,E085N065T1,100000,8500000,6500000,1,X0085_Y0033
Equi7Grid,V14,Oceania,E7G_OC,E085N064T1,100000,8500000,6400000,1,X0085_Y0034
Equi7Grid,V14,Oceania,E7G_OC,E085N063T1,100000,8500000,6300000,1,X0085_Y0035
Equi7Grid,V14,Oceania,E7G_OC,E085N062T1,100000,8500000,6200000,1,X0085_Y0036
Equi7Grid,V14,Oceania,E7G_OC,E085N061T1,100000,8500000,6100000,1,X0085_Y0037
Equi7Grid,V14,Oceania,E7G_OC,E085N060T1,100000,8500000,6000000,1,X0085_Y0038
Equi7Grid,V14,Oceania,E7G_OC,E085N059T1,100000,8500000,5900000,1,X0085_Y0039
Equi7Grid,V14,Oceania,E7G_OC,E085N058T1,100000,8500000,5800000,1,X0085_Y0040
Equi7Grid,V14,Oceania,E7G_OC,E085N057T1,100000,8500000,5700000,1,X0085_Y0041
Equi7Grid,V14,Oceania,E7G_OC,E085N056T1,100000,8500000,5600000,1,X0085_Y0042
Equi7Grid,V14,Oceania,E7G_OC,E085N055T1,100000,8500000,5500000,1,X0085_Y0043
Equi7Grid,V14,Oceania,E7G_OC,E086N114T1,100000,8600000,11400000,1,X0086_Y-016
Equi7Grid,V14,Oceania,E7G_OC,E086N115T1,100000,8600000,11500000,1,X0086_Y-017
Equi7Grid,V14,Oceania,E7G_OC,E086N116T1,100000,8600000,11600000,1,X0086_Y-018
Equi7Grid,V14,Oceania,E7G_OC,E086N117T1,100000,8600000,11700000,1,X0086_Y-019
Equi7Grid,V14,Oceania,E7G_OC,E086N118T1,100000,8600000,11800000,1,X0086_Y-020
Equi7Grid,V14,Oceania,E7G_OC,E086N095T1,100000,8600000,9500000,1,X0086_Y0003
Equi7Grid,V14,Oceania,E7G_OC,E086N092T1,100000,8600000,9200000,1,X0086_Y0006
Equi7Grid,V14,Oceania,E7G_OC,E086N091T1,100000,8600000,9100000,1,X0086_Y0007
Equi7Grid,V14,Oceania,E7G_OC,E086N090T1,100000,8600000,9000000,1,X0086_Y0008
Equi7Grid,V14,Oceania,E7G_OC,E086N089T1,100000,8600000,8900000,1,X0086_Y0009
Equi7Grid,V14,Oceania,E7G_OC,E086N088T1,100000,8600000,8800000,1,X0086_Y0010
Equi7Grid,V14,Oceania,E7G_OC,E086N087T1,100000,8600000,8700000,1,X0086_Y0011
Equi7Grid,V14,Oceania,E7G_OC,E086N076T1,100000,8600000,7600000,1,X0086_Y0022
Equi7Grid,V14,Oceania,E7G_OC,E086N075T1,100000,8600000,7500000,1,X0086_Y0023
Equi7Grid,V14,Oceania,E7G_OC,E086N074T1,100000,8600000,7400000,1,X0086_Y0024
Equi7Grid,V14,Oceania,E7G_OC,E086N073T1,100000,8600000,7300000,1,X0086_Y0025
Equi7Grid,V14,Oceania,E7G_OC,E086N072T1,100000,8600000,7200000,1,X0086_Y0026
Equi7Grid,V14,Oceania,E7G_OC,E086N071T1,100000,8600000,7100000,1,X0086_Y0027
Equi7Grid,V14,Oceania,E7G_OC,E086N070T1,100000,8600000,7000000,1,X0086_Y0028
Equi7Grid,V14,Oceania,E7G_OC,E086N069T1,100000,8600000,6900000,1,X0086_Y0029
Equi7Grid,V14,Oceania,E7G_OC,E086N068T1,100000,8600000,6800000,1,X0086_Y0030
Equi7Grid,V14,Oceania,E7G_OC,E086N067T1,100000,8600000,6700000,1,X0086_Y0031
Equi7Grid,V14,Oceania,E7G_OC,E086N066T1,100000,8600000,6600000,1,X0086_Y0032
Equi7Grid,V14,Oceania,E7G_OC,E086N065T1,100000,8600000,6500000,1,X0086_Y0033
Equi7Grid,V14,Oceania,E7G_OC,E086N064T1,100000,8600000,6400000,1,X0086_Y0034
Equi7Grid,V14,Oceania,E7G_OC,E086N063T1,100000,8600000,6300000,1,X0086_Y0035
Equi7Grid,V14,Oceania,E7G_OC,E086N062T1,100000,8600000,6200000,1,X0086_Y0036
Equi7Grid,V14,Oceania,E7G_OC,E086N061T1,100000,8600000,6100000,1,X0086_Y0037
Equi7Grid,V14,Oceania,E7G_OC,E086N060T1,100000,8600000,6000000,1,X0086_Y0038
Equi7Grid,V14,Oceania,E7G_OC,E086N059T1,100000,8600000,5900000,1,X0086_Y0039
Equi7Grid,V14,Oceania,E7G_OC,E086N058T1,100000,8600000,5800000,1,X0086_Y0040
Equi7Grid,V14,Oceania,E7G_OC,E086N057T1,100000,8600000,5700000,1,X0086_Y0041
Equi7Grid,V14,Oceania,E7G_OC,E086N056T1,100000,8600000,5600000,1,X0086_Y0042
Equi7Grid,V14,Oceania,E7G_OC,E086N055T1,100000,8600000,5500000,1,X0086_Y0043
Equi7Grid,V14,Oceania,E7G_OC,E087N095T1,100000,8700000,9500000,1,X0087_Y0003
Equi7Grid,V14,Oceania,E7G_OC,E087N091T1,100000,8700000,9100000,1,X0087_Y0007
Equi7Grid,V14,Oceania,E7G_OC,E087N090T1,100000,8700000,9000000,1,X0087_Y0008
Equi7Grid,V14,Oceania,E7G_OC,E087N089T1,100000,8700000,8900000,1,X0087_Y0009
Equi7Grid,V14,Oceania,E7G_OC,E087N088T1,100000,8700000,8800000,1,X0087_Y0010
Equi7Grid,V14,Oceania,E7G_OC,E087N087T1,100000,8700000,8700000,1,X0087_Y0011
Equi7Grid,V14,Oceania,E7G_OC,E087N086T1,100000,8700000,8600000,1,X0087_Y0012
Equi7Grid,V14,Oceania,E7G_OC,E087N079T1,100000,8700000,7900000,1,X0087_Y0019
Equi7Grid,V14,Oceania,E7G_OC,E087N077T1,100000,8700000,7700000,1,X0087_Y0021
Equi7Grid,V14,Oceania,E7G_OC,E087N075T1,100000,8700000,7500000,1,X0087_Y0023
Equi7Grid,V14,Oceania,E7G_OC,E087N074T1,100000,8700000,7400000,1,X0087_Y0024
Equi7Grid,V14,Oceania,E7G_OC,E087N073T1,100000,8700000,7300000,1,X0087_Y0025
Equi7Grid,V14,Oceania,E7G_OC,E087N072T1,100000,8700000,7200000,1,X0087_Y0026
Equi7Grid,V14,Oceania,E7G_OC,E087N071T1,100000,8700000,7100000,1,X0087_Y0027
Equi7Grid,V14,Oceania,E7G_OC,E087N070T1,100000,8700000,7000000,1,X0087_Y0028
Equi7Grid,V14,Oceania,E7G_OC,E087N069T1,100000,8700000,6900000,1,X0087_Y0029
Equi7Grid,V14,Oceania,E7G_OC,E087N068T1,100000,8700000,6800000,1,X0087_Y0030
Equi7Grid,V14,Oceania,E7G_OC,E087N067T1,100000,8700000,6700000,1,X0087_Y0031
Equi7Grid,V14,Oceania,E7G_OC,E087N066T1,100000,8700000,6600000,1,X0087_Y0032
Equi7Grid,V14,Oceania,E7G_OC,E087N065T1,100000,8700000,6500000,1,X0087_Y0033
Equi7Grid,V14,Oceania,E7G_OC,E087N064T1,100000,8700000,6400000,1,X0087_Y0034
Equi7Grid,V14,Oceania,E7G_OC,E087N063T1,100000,8700000,6300000,1,X0087_Y0035
Equi7Grid,V14,Oceania,E7G_OC,E087N062T1,100000,8700000,6200000,1,X0087_Y0036
Equi7Grid,V14,Oceania,E7G_OC,E087N061T1,100000,8700000,6100000,1,X0087_Y0037
Equi7Grid,V14,Oceania,E7G_OC,E087N060T1,100000,8700000,6000000,1,X0087_Y0038
Equi7Grid,V14,Oceania,E7G_OC,E087N059T1,100000,8700000,5900000,1,X0087_Y0039
Equi7Grid,V14,Oceania,E7G_OC,E087N058T1,100000,8700000,5800000,1,X0087_Y0040
Equi7Grid,V14,Oceania,E7G_OC,E087N057T1,100000,8700000,5700000,1,X0087_Y0041
Equi7Grid,V14,Oceania,E7G_OC,E088N095T1,100000,8800000,9500000,1,X0088_Y0003
Equi7Grid,V14,Oceania,E7G_OC,E088N094T1,100000,8800000,9400000,1,X0088_Y0004
Equi7Grid,V14,Oceania,E7G_OC,E088N091T1,100000,8800000,9100000,1,X0088_Y0007
Equi7Grid,V14,Oceania,E7G_OC,E088N090T1,100000,8800000,9000000,1,X0088_Y0008
Equi7Grid,V14,Oceania,E7G_OC,E088N088T1,100000,8800000,8800000,1,X0088_Y0010
Equi7Grid,V14,Oceania,E7G_OC,E088N087T1,100000,8800000,8700000,1,X0088_Y0011
Equi7Grid,V14,Oceania,E7G_OC,E088N086T1,100000,8800000,8600000,1,X0088_Y0012
Equi7Grid,V14,Oceania,E7G_OC,E088N085T1,100000,8800000,8500000,1,X0088_Y0013
Equi7Grid,V14,Oceania,E7G_OC,E088N075T1,100000,8800000,7500000,1,X0088_Y0023
Equi7Grid,V14,Oceania,E7G_OC,E088N074T1,100000,8800000,7400000,1,X0088_Y0024
Equi7Grid,V14,Oceania,E7G_OC,E088N073T1,100000,8800000,7300000,1,X0088_Y0025
Equi7Grid,V14,Oceania,E7G_OC,E088N072T1,100000,8800000,7200000,1,X0088_Y0026
Equi7Grid,V14,Oceania,E7G_OC,E088N071T1,100000,8800000,7100000,1,X0088_Y0027
Equi7Grid,V14,Oceania,E7G_OC,E088N070T1,100000,8800000,7000000,1,X0088_Y0028
Equi7Grid,V14,Oceania,E7G_OC,E088N069T1,100000,8800000,6900000,1,X0088_Y0029
Equi7Grid,V14,Oceania,E7G_OC,E088N068T1,100000,8800000,6800000,1,X0088_Y0030
Equi7Grid,V14,Oceania,E7G_OC,E088N067T1,100000,8800000,6700000,1,X0088_Y0031
Equi7Grid,V14,Oceania,E7G_OC,E088N066T1,100000,8800000,6600000,1,X0088_Y0032
Equi7Grid,V14,Oceania,E7G_OC,E088N065T1,100000,8800000,6500000,1,X0088_Y0033
Equi7Grid,V14,Oceania,E7G_OC,E088N064T1,100000,8800000,6400000,1,X0088_Y0034
Equi7Grid,V14,Oceania,E7G_OC,E088N063T1,100000,8800000,6300000,1,X0088_Y0035
Equi7Grid,V14,Oceania,E7G_OC,E088N062T1,100000,8800000,6200000,1,X0088_Y0036
Equi7Grid,V14,Oceania,E7G_OC,E088N061T1,100000,8800000,6100000,1,X0088_Y0037
Equi7Grid,V14,Oceania,E7G_OC,E088N060T1,100000,8800000,6000000,1,X0088_Y0038
Equi7Grid,V14,Oceania,E7G_OC,E088N059T1,100000,8800000,5900000,1,X0088_Y0039
Equi7Grid,V14,Oceania,E7G_OC,E088N058T1,100000,8800000,5800000,1,X0088_Y0040
Equi7Grid,V14,Oceania,E7G_OC,E088N035T1,100000,8800000,3500000,1,X0088_Y0063
Equi7Grid,V14,Oceania,E7G_OC,E089N091T1,100000,8900000,9100000,1,X0089_Y0007
Equi7Grid,V14,Oceania,E7G_OC,E089N090T1,100000,8900000,9000000,1,X0089_Y0008
Equi7Grid,V14,Oceania,E7G_OC,E089N087T1,100000,8900000,8700000,1,X0089_Y0011
Equi7Grid,V14,Oceania,E7G_OC,E089N086T1,100000,8900000,8600000,1,X0089_Y0012
Equi7Grid,V14,Oceania,E7G_OC,E089N085T1,100000,8900000,8500000,1,X0089_Y0013
Equi7Grid,V14,Oceania,E7G_OC,E089N079T1,100000,8900000,7900000,1,X0089_Y0019
Equi7Grid,V14,Oceania,E7G_OC,E089N078T1,100000,8900000,7800000,1,X0089_Y0020
Equi7Grid,V14,Oceania,E7G_OC,E089N073T1,100000,8900000,7300000,1,X0089_Y0025
Equi7Grid,V14,Oceania,E7G_OC,E089N072T1,100000,8900000,7200000,1,X0089_Y0026
Equi7Grid,V14,Oceania,E7G_OC,E089N071T1,100000,8900000,7100000,1,X0089_Y0027
Equi7Grid,V14,Oceania,E7G_OC,E089N070T1,100000,8900000,7000000,1,X0089_Y0028
Equi7Grid,V14,Oceania,E7G_OC,E089N069T1,100000,8900000,6900000,1,X0089_Y0029
Equi7Grid,V14,Oceania,E7G_OC,E089N068T1,100000,8900000,6800000,1,X0089_Y0030
Equi7Grid,V14,Oceania,E7G_OC,E089N067T1,100000,8900000,6700000,1,X0089_Y0031
Equi7Grid,V14,Oceania,E7G_OC,E089N066T1,100000,8900000,6600000,1,X0089_Y0032
Equi7Grid,V14,Oceania,E7G_OC,E089N065T1,100000,8900000,6500000,1,X0089_Y0033
Equi7Grid,V14,Oceania,E7G_OC,E089N064T1,100000,8900000,6400000,1,X0089_Y0034
Equi7Grid,V14,Oceania,E7G_OC,E089N063T1,100000,8900000,6300000,1,X0089_Y0035
Equi7Grid,V14,Oceania,E7G_OC,E089N062T1,100000,8900000,6200000,1,X0089_Y0036
Equi7Grid,V14,Oceania,E7G_OC,E089N061T1,100000,8900000,6100000,1,X0089_Y0037
Equi7Grid,V14,Oceania,E7G_OC,E089N060T1,100000,8900000,6000000,1,X0089_Y0038
Equi7Grid,V14,Oceania,E7G_OC,E090N104T1,100000,9000000,10400000,1,X0090_Y-006
Equi7Grid,V14,Oceania,E7G_OC,E090N105T1,100000,9000000,10500000,1,X0090_Y-007
Equi7Grid,V14,Oceania,E7G_OC,E090N107T1,100000,9000000,10700000,1,X0090_Y-009
Equi7Grid,V14,Oceania,E7G_OC,E090N095T1,100000,9000000,9500000,1,X0090_Y0003
Equi7Grid,V14,Oceania,E7G_OC,E090N094T1,100000,9000000,9400000,1,X0090_Y0004
Equi7Grid,V14,Oceania,E7G_OC,E090N092T1,100000,9000000,9200000,1,X0090_Y0006
Equi7Grid,V14,Oceania,E7G_OC,E090N091T1,100000,9000000,9100000,1,X0090_Y0007
Equi7Grid,V14,Oceania,E7G_OC,E090N090T1,100000,9000000,9000000,1,X0090_Y0008
Equi7Grid,V14,Oceania,E7G_OC,E090N086T1,100000,9000000,8600000,1,X0090_Y0012
Equi7Grid,V14,Oceania,E7G_OC,E090N085T1,100000,9000000,8500000,1,X0090_Y0013
Equi7Grid,V14,Oceania,E7G_OC,E090N070T1,100000,9000000,7000000,1,X0090_Y0028
Equi7Grid,V14,Oceania,E7G_OC,E090N069T1,100000,9000000,6900000,1,X0090_Y0029
Equi7Grid,V14,Oceania,E7G_OC,E090N068T1,100000,9000000,6800000,1,X0090_Y0030
Equi7Grid,V14,Oceania,E7G_OC,E090N067T1,100000,9000000,6700000,1,X0090_Y0031
Equi7Grid,V14,Oceania,E7G_OC,E090N066T1,100000,9000000,6600000,1,X0090_Y0032
Equi7Grid,V14,Oceania,E7G_OC,E090N065T1,100000,9000000,6500000,1,X0090_Y0033
Equi7Grid,V14,Oceania,E7G_OC,E090N064T1,100000,9000000,6400000,1,X0090_Y0034
Equi7Grid,V14,Oceania,E7G_OC,E090N063T1,100000,9000000,6300000,1,X0090_Y0035
Equi7Grid,V14,Oceania,E7G_OC,E090N062T1,100000,9000000,6200000,1,X0090_Y0036
Equi7Grid,V14,Oceania,E7G_OC,E090N061T1,100000,9000000,6100000,1,X0090_Y0037
Equi7Grid,V14,Oceania,E7G_OC,E091N106T1,100000,9100000,10600000,1,X0091_Y-008
Equi7Grid,V14,Oceania,E7G_OC,E091N107T1,100000,9100000,10700000,1,X0091_Y-009
Equi7Grid,V14,Oceania,E7G_OC,E091N094T1,100000,9100000,9400000,1,X0091_Y0004
Equi7Grid,V14,Oceania,E7G_OC,E091N093T1,100000,9100000,9300000,1,X0091_Y0005
Equi7Grid,V14,Oceania,E7G_OC,E091N091T1,100000,9100000,9100000,1,X0091_Y0007
Equi7Grid,V14,Oceania,E7G_OC,E091N090T1,100000,9100000,9000000,1,X0091_Y0008
Equi7Grid,V14,Oceania,E7G_OC,E091N087T1,100000,9100000,8700000,1,X0091_Y0011
Equi7Grid,V14,Oceania,E7G_OC,E091N086T1,100000,9100000,8600000,1,X0091_Y0012
Equi7Grid,V14,Oceania,E7G_OC,E091N085T1,100000,9100000,8500000,1,X0091_Y0013
Equi7Grid,V14,Oceania,E7G_OC,E091N069T1,100000,9100000,6900000,1,X0091_Y0029
Equi7Grid,V14,Oceania,E7G_OC,E091N068T1,100000,9100000,6800000,1,X0091_Y0030
Equi7Grid,V14,Oceania,E7G_OC,E091N067T1,100000,9100000,6700000,1,X0091_Y0031
Equi7Grid,V14,Oceania,E7G_OC,E091N066T1,100000,9100000,6600000,1,X0091_Y0032
Equi7Grid,V14,Oceania,E7G_OC,E091N065T1,100000,9100000,6500000,1,X0091_Y0033
Equi7Grid,V14,Oceania,E7G_OC,E091N064T1,100000,9100000,6400000,1,X0091_Y0034
Equi7Grid,V14,Oceania,E7G_OC,E091N063T1,100000,9100000,6300000,1,X0091_Y0035
Equi7Grid,V14,Oceania,E7G_OC,E092N105T1,100000,9200000,10500000,1,X0092_Y-007
Equi7Grid,V14,Oceania,E7G_OC,E092N094T1,100000,9200000,9400000,1,X0092_Y0004
Equi7Grid,V14,Oceania,E7G_OC,E092N093T1,100000,9200000,9300000,1,X0092_Y0005
Equi7Grid,V14,Oceania,E7G_OC,E092N092T1,100000,9200000,9200000,1,X0092_Y0006
Equi7Grid,V14,Oceania,E7G_OC,E092N091T1,100000,9200000,9100000,1,X0092_Y0007
Equi7Grid,V14,Oceania,E7G_OC,E092N090T1,100000,9200000,9000000,1,X0092_Y0008
Equi7Grid,V14,Oceania,E7G_OC,E092N087T1,100000,9200000,8700000,1,X0092_Y0011
Equi7Grid,V14,Oceania,E7G_OC,E092N086T1,100000,9200000,8600000,1,X0092_Y0012
Equi7Grid,V14,Oceania,E7G_OC,E092N085T1,100000,9200000,8500000,1,X0092_Y0013
Equi7Grid,V14,Oceania,E7G_OC,E092N072T1,100000,9200000,7200000,1,X0092_Y0026
Equi7Grid,V14,Oceania,E7G_OC,E093N105T1,100000,9300000,10500000,1,X0093_Y-007
Equi7Grid,V14,Oceania,E7G_OC,E093N094T1,100000,9300000,9400000,1,X0093_Y0004
Equi7Grid,V14,Oceania,E7G_OC,E093N093T1,100000,9300000,9300000,1,X0093_Y0005
Equi7Grid,V14,Oceania,E7G_OC,E093N092T1,100000,9300000,9200000,1,X0093_Y0006
Equi7Grid,V14,Oceania,E7G_OC,E093N091T1,100000,9300000,9100000,1,X0093_Y0007
Equi7Grid,V14,Oceania,E7G_OC,E093N087T1,100000,9300000,8700000,1,X0093_Y0011
Equi7Grid,V14,Oceania,E7G_OC,E093N086T1,100000,9300000,8600000,1,X0093_Y0012
Equi7Grid,V14,Oceania,E7G_OC,E093N085T1,100000,9300000,8500000,1,X0093_Y0013
Equi7Grid,V14,Oceania,E7G_OC,E093N084T1,100000,9300000,8400000,1,X0093_Y0014
Equi7Grid,V14,Oceania,E7G_OC,E093N083T1,100000,9300000,8300000,1,X0093_Y0015
Equi7Grid,V14,Oceania,E7G_OC,E093N073T1,100000,9300000,7300000,1,X0093_Y0025
Equi7Grid,V14,Oceania,E7G_OC,E094N093T1,100000,9400000,9300000,1,X0094_Y0005
Equi7Grid,V14,Oceania,E7G_OC,E094N092T1,100000,9400000,9200000,1,X0094_Y0006
Equi7Grid,V14,Oceania,E7G_OC,E094N091T1,100000,9400000,9100000,1,X0094_Y0007
Equi7Grid,V14,Oceania,E7G_OC,E094N084T1,100000,9400000,8400000,1,X0094_Y0014
Equi7Grid,V14,Oceania,E7G_OC,E094N083T1,100000,9400000,8300000,1,X0094_Y0015
Equi7Grid,V14,Oceania,E7G_OC,E094N072T1,100000,9400000,7200000,1,X0094_Y0026
Equi7Grid,V14,Oceania,E7G_OC,E094N071T1,100000,9400000,7100000,1,X0094_Y0027
Equi7Grid,V14,Oceania,E7G_OC,E094N037T1,100000,9400000,3700000,1,X0094_Y0061
Equi7Grid,V14,Oceania,E7G_OC,E095N102T1,100000,9500000,10200000,1,X0095_Y-004
Equi7Grid,V14,Oceania,E7G_OC,E095N103T1,100000,9500000,10300000,1,X0095_Y-005
Equi7Grid,V14,Oceania,E7G_OC,E095N093T1,100000,9500000,9300000,1,X0095_Y0005
Equi7Grid,V14,Oceania,E7G_OC,E095N092T1,100000,9500000,9200000,1,X0095_Y0006
Equi7Grid,V14,Oceania,E7G_OC,E095N091T1,100000,9500000,9100000,1,X0095_Y0007
Equi7Grid,V14,Oceania,E7G_OC,E095N090T1,100000,9500000,9000000,1,X0095_Y0008
Equi7Grid,V14,Oceania,E7G_OC,E095N089T1,100000,9500000,8900000,1,X0095_Y0009
Equi7Grid,V14,Oceania,E7G_OC,E095N072T1,100000,9500000,7200000,1,X0095_Y0026
Equi7Grid,V14,Oceania,E7G_OC,E095N038T1,100000,9500000,3800000,1,X0095_Y0060
Equi7Grid,V14,Oceania,E7G_OC,E095N037T1,100000,9500000,3700000,1,X0095_Y0061
Equi7Grid,V14,Oceania,E7G_OC,E096N101T1,100000,9600000,10100000,1,X0096_Y-003
Equi7Grid,V14,Oceania,E7G_OC,E096N097T1,100000,9600000,9700000,1,X0096_Y0001
Equi7Grid,V14,Oceania,E7G_OC,E096N093T1,100000,9600000,9300000,1,X0096_Y0005
Equi7Grid,V14,Oceania,E7G_OC,E096N092T1,100000,9600000,9200000,1,X0096_Y0006
Equi7Grid,V14,Oceania,E7G_OC,E096N090T1,100000,9600000,9000000,1,X0096_Y0008
Equi7Grid,V14,Oceania,E7G_OC,E096N089T1,100000,9600000,8900000,1,X0096_Y0009
Equi7Grid,V14,Oceania,E7G_OC,E096N088T1,100000,9600000,8800000,1,X0096_Y0010
Equi7Grid,V14,Oceania,E7G_OC,E096N060T1,100000,9600000,6000000,1,X0096_Y0038
Equi7Grid,V14,Oceania,E7G_OC,E096N040T1,100000,9600000,4000000,1,X0096_Y0058
Equi7Grid,V14,Oceania,E7G_OC,E096N035T1,100000,9600000,3500000,1,X0096_Y0063
Equi7Grid,V14,Oceania,E7G_OC,E097N089T1,100000,9700000,8900000,1,X0097_Y0009
Equi7Grid,V14,Oceania,E7G_OC,E097N088T1,100000,9700000,8800000,1,X0097_Y0010
Equi7Grid,V14,Oceania,E7G_OC,E097N087T1,100000,9700000,8700000,1,X0097_Y0011
Equi7Grid,V14,Oceania,E7G_OC,E097N043T1,100000,9700000,4300000,1,X0097_Y0055
Equi7Grid,V14,Oceania,E7G_OC,E097N042T1,100000,9700000,4200000,1,X0097_Y0056
Equi7Grid,V14,Oceania,E7G_OC,E097N041T1,100000,9700000,4100000,1,X0097_Y0057
Equi7Grid,V14,Oceania,E7G_OC,E098N088T1,100000,9800000,8800000,1,X0098_Y0010
Equi7Grid,V14,Oceania,E7G_OC,E098N087T1,100000,9800000,8700000,1,X0098_Y0011
Equi7Grid,V14,Oceania,E7G_OC,E098N086T1,100000,9800000,8600000,1,X0098_Y0012
Equi7Grid,V14,Oceania,E7G_OC,E098N044T1,100000,9800000,4400000,1,X0098_Y0054
Equi7Grid,V14,Oceania,E7G_OC,E098N043T1,100000,9800000,4300000,1,X0098_Y0055
Equi7Grid,V14,Oceania,E7G_OC,E098N042T1,100000,9800000,4200000,1,X0098_Y0056
Equi7Grid,V14,Oceania,E7G_OC,E098N041T1,100000,9800000,4100000,1,X0098_Y0057
Equi7Grid,V14,Oceania,E7G_OC,E099N103T1,100000,9900000,10300000,1,X0099_Y-005
Equi7Grid,V14,Oceania,E7G_OC,E099N088T1,100000,9900000,8800000,1,X0099_Y0010
Equi7Grid,V14,Oceania,E7G_OC,E099N087T1,100000,9900000,8700000,1,X0099_Y0011
Equi7Grid,V14,Oceania,E7G_OC,E099N086T1,100000,9900000,8600000,1,X0099_Y0012
Equi7Grid,V14,Oceania,E7G_OC,E099N044T1,100000,9900000,4400000,1,X0099_Y0054
Equi7Grid,V14,Oceania,E7G_OC,E099N043T1,100000,9900000,4300000,1,X0099_Y0055
Equi7Grid,V14,Oceania,E7G_OC,E099N042T1,100000,9900000,4200000,1,X0099_Y0056
Equi7Grid,V14,Oceania,E7G_OC,E099N041T1,100000,9900000,4100000,1,X0099_Y0057
Equi7Grid,V14,Oceania,E7G_OC,E100N104T1,100000,10000000,10400000,1,X0100_Y-006
Equi7Grid,V14,Oceania,E7G_OC,E100N087T1,100000,10000000,8700000,1,X0100_Y0011
Equi7Grid,V14,Oceania,E7G_OC,E100N086T1,100000,10000000,8600000,1,X0100_Y0012
Equi7Grid,V14,Oceania,E7G_OC,E100N085T1,100000,10000000,8500000,1,X0100_Y0013
Equi7Grid,V14,Oceania,E7G_OC,E100N083T1,100000,10000000,8300000,1,X0100_Y0015
Equi7Grid,V14,Oceania,E7G_OC,E100N082T1,100000,10000000,8200000,1,X0100_Y0016
Equi7Grid,V14,Oceania,E7G_OC,E100N044T1,100000,10000000,4400000,1,X0100_Y0054
Equi7Grid,V14,Oceania,E7G_OC,E100N043T1,100000,10000000,4300000,1,X0100_Y0055
Equi7Grid,V14,Oceania,E7G_OC,E100N042T1,100000,10000000,4200000,1,X0100_Y0056
Equi7Grid,V14,Oceania,E7G_OC,E100N041T1,100000,10000000,4100000,1,X0100_Y0057
Equi7Grid,V14,Oceania,E7G_OC,E101N086T1,100000,10100000,8600000,1,X0101_Y0012
Equi7Grid,V14,Oceania,E7G_OC,E101N085T1,100000,10100000,8500000,1,X0101_Y0013
Equi7Grid,V14,Oceania,E7G_OC,E101N084T1,100000,10100000,8400000,1,X0101_Y0014
Equi7Grid,V14,Oceania,E7G_OC,E101N083T1,100000,10100000,8300000,1,X0101_Y0015
Equi7Grid,V14,Oceania,E7G_OC,E101N082T1,100000,10100000,8200000,1,X0101_Y0016
Equi7Grid,V14,Oceania,E7G_OC,E101N045T1,100000,10100000,4500000,1,X0101_Y0053
Equi7Grid,V14,Oceania,E7G_OC,E101N044T1,100000,10100000,4400000,1,X0101_Y0054
Equi7Grid,V14,Oceania,E7G_OC,E101N043T1,100000,10100000,4300000,1,X0101_Y0055
Equi7Grid,V14,Oceania,E7G_OC,E101N042T1,100000,10100000,4200000,1,X0101_Y0056
Equi7Grid,V14,Oceania,E7G_OC,E102N087T1,100000,10200000,8700000,1,X0102_Y0011
Equi7Grid,V14,Oceania,E7G_OC,E102N086T1,100000,10200000,8600000,1,X0102_Y0012
Equi7Grid,V14,Oceania,E7G_OC,E102N085T1,100000,10200000,8500000,1,X0102_Y0013
Equi7Grid,V14,Oceania,E7G_OC,E102N084T1,100000,10200000,8400000,1,X0102_Y0014
Equi7Grid,V14,Oceania,E7G_OC,E102N083T1,100000,10200000,8300000,1,X0102_Y0015
Equi7Grid,V14,Oceania,E7G_OC,E102N046T1,100000,10200000,4600000,1,X0102_Y0052
Equi7Grid,V14,Oceania,E7G_OC,E102N045T1,100000,10200000,4500000,1,X0102_Y0053
Equi7Grid,V14,Oceania,E7G_OC,E102N044T1,100000,10200000,4400000,1,X0102_Y0054
Equi7Grid,V14,Oceania,E7G_OC,E102N043T1,100000,10200000,4300000,1,X0102_Y0055
Equi7Grid,V14,Oceania,E7G_OC,E103N084T1,100000,10300000,8400000,1,X0103_Y0014
Equi7Grid,V14,Oceania,E7G_OC,E103N083T1,100000,10300000,8300000,1,X0103_Y0015
Equi7Grid,V14,Oceania,E7G_OC,E103N073T1,100000,10300000,7300000,1,X0103_Y0025
Equi7Grid,V14,Oceania,E7G_OC,E103N072T1,100000,10300000,7200000,1,X0103_Y0026
Equi7Grid,V14,Oceania,E7G_OC,E103N071T1,100000,10300000,7100000,1,X0103_Y0027
Equi7Grid,V14,Oceania,E7G_OC,E103N046T1,100000,10300000,4600000,1,X0103_Y0052
Equi7Grid,V14,Oceania,E7G_OC,E103N045T1,100000,10300000,4500000,1,X0103_Y0053
Equi7Grid,V14,Oceania,E7G_OC,E103N044T1,100000,10300000,4400000,1,X0103_Y0054
Equi7Grid,V14,Oceania,E7G_OC,E103N043T1,100000,10300000,4300000,1,X0103_Y0055
Equi7Grid,V14,Oceania,E7G_OC,E104N086T1,100000,10400000,8600000,1,X0104_Y0012
Equi7Grid,V14,Oceania,E7G_OC,E104N072T1,100000,10400000,7200000,1,X0104_Y0026
Equi7Grid,V14,Oceania,E7G_OC,E104N071T1,100000,10400000,7100000,1,X0104_Y0027
Equi7Grid,V14,Oceania,E7G_OC,E104N070T1,100000,10400000,7000000,1,X0104_Y0028
Equi7Grid,V14,Oceania,E7G_OC,E104N047T1,100000,10400000,4700000,1,X0104_Y0051
Equi7Grid,V14,Oceania,E7G_OC,E104N046T1,100000,10400000,4600000,1,X0104_Y0052
Equi7Grid,V14,Oceania,E7G_OC,E104N045T1,100000,10400000,4500000,1,X0104_Y0053
Equi7Grid,V14,Oceania,E7G_OC,E104N044T1,100000,10400000,4400000,1,X0104_Y0054
Equi7Grid,V14,Oceania,E7G_OC,E104N035T1,100000,10400000,3500000,1,X0104_Y0063
Equi7Grid,V14,Oceania,E7G_OC,E105N101T1,100000,10500000,10100000,1,X0105_Y-003
Equi7Grid,V14,Oceania,E7G_OC,E105N102T1,100000,10500000,10200000,1,X0105_Y-004
Equi7Grid,V14,Oceania,E7G_OC,E105N071T1,100000,10500000,7100000,1,X0105_Y0027
Equi7Grid,V14,Oceania,E7G_OC,E105N070T1,100000,10500000,7000000,1,X0105_Y0028
Equi7Grid,V14,Oceania,E7G_OC,E105N069T1,100000,10500000,6900000,1,X0105_Y0029
Equi7Grid,V14,Oceania,E7G_OC,E105N061T1,100000,10500000,6100000,1,X0105_Y0037
Equi7Grid,V14,Oceania,E7G_OC,E105N046T1,100000,10500000,4600000,1,X0105_Y0052
Equi7Grid,V14,Oceania,E7G_OC,E105N045T1,100000,10500000,4500000,1,X0105_Y0053
Equi7Grid,V14,Oceania,E7G_OC,E106N071T1,100000,10600000,7100000,1,X0106_Y0027
Equi7Grid,V14,Oceania,E7G_OC,E106N070T1,100000,10600000,7000000,1,X0106_Y0028
Equi7Grid,V14,Oceania,E7G_OC,E106N069T1,100000,10600000,6900000,1,X0106_Y0029
Equi7Grid,V14,Oceania,E7G_OC,E106N068T1,100000,10600000,6800000,1,X0106_Y0030
Equi7Grid,V14,Oceania,E7G_OC,E106N048T1,100000,10600000,4800000,1,X0106_Y0050
Equi7Grid,V14,Oceania,E7G_OC,E106N047T1,100000,10600000,4700000,1,X0106_Y0051
Equi7Grid,V14,Oceania,E7G_OC,E106N046T1,100000,10600000,4600000,1,X0106_Y0052
Equi7Grid,V14,Oceania,E7G_OC,E106N045T1,100000,10600000,4500000,1,X0106_Y0053
Equi7Grid,V14,Oceania,E7G_OC,E107N083T1,100000,10700000,8300000,1,X0107_Y0015
Equi7Grid,V14,Oceania,E7G_OC,E107N082T1,100000,10700000,8200000,1,X0107_Y0016
Equi7Grid,V14,Oceania,E7G_OC,E107N080T1,100000,10700000,8000000,1,X0107_Y0018
Equi7Grid,V14,Oceania,E7G_OC,E107N079T1,100000,10700000,7900000,1,X0107_Y0019
Equi7Grid,V14,Oceania,E7G_OC,E107N078T1,100000,10700000,7800000,1,X0107_Y0020
Equi7Grid,V14,Oceania,E7G_OC,E107N077T1,100000,10700000,7700000,1,X0107_Y0021
Equi7Grid,V14,Oceania,E7G_OC,E107N076T1,100000,10700000,7600000,1,X0107_Y0022
Equi7Grid,V14,Oceania,E7G_OC,E107N075T1,100000,10700000,7500000,1,X0107_Y0023
Equi7Grid,V14,Oceania,E7G_OC,E107N070T1,100000,10700000,7000000,1,X0107_Y0028
Equi7Grid,V14,Oceania,E7G_OC,E107N069T1,100000,10700000,6900000,1,X0107_Y0029
Equi7Grid,V14,Oceania,E7G_OC,E107N054T1,100000,10700000,5400000,1,X0107_Y0044
Equi7Grid,V14,Oceania,E7G_OC,E107N053T1,100000,10700000,5300000,1,X0107_Y0045
Equi7Grid,V14,Oceania,E7G_OC,E107N052T1,100000,10700000,5200000,1,X0107_Y0046
Equi7Grid,V14,Oceania,E7G_OC,E107N051T1,100000,10700000,5100000,1,X0107_Y0047
Equi7Grid,V14,Oceania,E7G_OC,E107N050T1,100000,10700000,5000000,1,X0107_Y0048
Equi7Grid,V14,Oceania,E7G_OC,E107N049T1,100000,10700000,4900000,1,X0107_Y0049
Equi7Grid,V14,Oceania,E7G_OC,E107N048T1,100000,10700000,4800000,1,X0107_Y0050
Equi7Grid,V14,Oceania,E7G_OC,E107N047T1,100000,10700000,4700000,1,X0107_Y0051
Equi7Grid,V14,Oceania,E7G_OC,E107N046T1,100000,10700000,4600000,1,X0107_Y0052
Equi7Grid,V14,Oceania,E7G_OC,E107N045T1,100000,10700000,4500000,1,X0107_Y0053
Equi7Grid,V14,Oceania,E7G_OC,E108N109T1,100000,10800000,10900000,1,X0108_Y-011
Equi7Grid,V14,Oceania,E7G_OC,E108N083T1,100000,10800000,8300000,1,X0108_Y0015
Equi7Grid,V14,Oceania,E7G_OC,E108N082T1,100000,10800000,8200000,1,X0108_Y0016
Equi7Grid,V14,Oceania,E7G_OC,E108N081T1,100000,10800000,8100000,1,X0108_Y0017
Equi7Grid,V14,Oceania,E7G_OC,E108N079T1,100000,10800000,7900000,1,X0108_Y0019
Equi7Grid,V14,Oceania,E7G_OC,E108N078T1,100000,10800000,7800000,1,X0108_Y0020
Equi7Grid,V14,Oceania,E7G_OC,E108N077T1,100000,10800000,7700000,1,X0108_Y0021
Equi7Grid,V14,Oceania,E7G_OC,E108N076T1,100000,10800000,7600000,1,X0108_Y0022
Equi7Grid,V14,Oceania,E7G_OC,E108N075T1,100000,10800000,7500000,1,X0108_Y0023
Equi7Grid,V14,Oceania,E7G_OC,E108N074T1,100000,10800000,7400000,1,X0108_Y0024
Equi7Grid,V14,Oceania,E7G_OC,E108N053T1,100000,10800000,5300000,1,X0108_Y0045
Equi7Grid,V14,Oceania,E7G_OC,E108N052T1,100000,10800000,5200000,1,X0108_Y0046
Equi7Grid,V14,Oceania,E7G_OC,E108N051T1,100000,10800000,5100000,1,X0108_Y0047
Equi7Grid,V14,Oceania,E7G_OC,E108N050T1,100000,10800000,5000000,1,X0108_Y0048
Equi7Grid,V14,Oceania,E7G_OC,E108N049T1,100000,10800000,4900000,1,X0108_Y0049
Equi7Grid,V14,Oceania,E7G_OC,E108N048T1,100000,10800000,4800000,1,X0108_Y0050
Equi7Grid,V14,Oceania,E7G_OC,E108N047T1,100000,10800000,4700000,1,X0108_Y0051
Equi7Grid,V14,Oceania,E7G_OC,E108N046T1,100000,10800000,4600000,1,X0108_Y0052
Equi7Grid,V14,Oceania,E7G_OC,E109N118T1,100000,10900000,11800000,1,X0109_Y-020
Equi7Grid,V14,Oceania,E7G_OC,E109N094T1,100000,10900000,9400000,1,X0109_Y0004
Equi7Grid,V14,Oceania,E7G_OC,E109N083T1,100000,10900000,8300000,1,X0109_Y0015
Equi7Grid,V14,Oceania,E7G_OC,E109N077T1,100000,10900000,7700000,1,X0109_Y0021
Equi7Grid,V14,Oceania,E7G_OC,E109N076T1,100000,10900000,7600000,1,X0109_Y0022
Equi7Grid,V14,Oceania,E7G_OC,E109N075T1,100000,10900000,7500000,1,X0109_Y0023
Equi7Grid,V14,Oceania,E7G_OC,E109N073T1,100000,10900000,7300000,1,X0109_Y0025
Equi7Grid,V14,Oceania,E7G_OC,E109N072T1,100000,10900000,7200000,1,X0109_Y0026
Equi7Grid,V14,Oceania,E7G_OC,E109N071T1,100000,10900000,7100000,1,X0109_Y0027
Equi7Grid,V14,Oceania,E7G_OC,E109N051T1,100000,10900000,5100000,1,X0109_Y0047
Equi7Grid,V14,Oceania,E7G_OC,E109N050T1,100000,10900000,5000000,1,X0109_Y0048
Equi7Grid,V14,Oceania,E7G_OC,E109N049T1,100000,10900000,4900000,1,X0109_Y0049
Equi7Grid,V14,Oceania,E7G_OC,E109N048T1,100000,10900000,4800000,1,X0109_Y0050
Equi7Grid,V14,Oceania,E7G_OC,E109N047T1,100000,10900000,4700000,1,X0109_Y0051
Equi7Grid,V14,Oceania,E7G_OC,E110N104T1,100000,11000000,10400000,1,X0110_Y-006
Equi7Grid,V14,Oceania,E7G_OC,E110N108T1,100000,11000000,10800000,1,X0110_Y-010
Equi7Grid,V14,Oceania,E7G_OC,E110N080T1,100000,11000000,8000000,1,X0110_Y0018
Equi7Grid,V14,Oceania,E7G_OC,E110N048T1,100000,11000000,4800000,1,X0110_Y0050
Equi7Grid,V14,Oceania,E7G_OC,E110N047T1,100000,11000000,4700000,1,X0110_Y0051
Equi7Grid,V14,Oceania,E7G_OC,E110N040T1,100000,11000000,4000000,1,X0110_Y0058
Equi7Grid,V14,Oceania,E7G_OC,E110N039T1,100000,11000000,3900000,1,X0110_Y0059
Equi7Grid,V14,Oceania,E7G_OC,E111N101T1,100000,11100000,10100000,1,X0111_Y-003
Equi7Grid,V14,Oceania,E7G_OC,E111N105T1,100000,11100000,10500000,1,X0111_Y-007
Equi7Grid,V14,Oceania,E7G_OC,E111N040T1,100000,11100000,4000000,1,X0111_Y0058
Equi7Grid,V14,Oceania,E7G_OC,E111N039T1,100000,11100000,3900000,1,X0111_Y0059
Equi7Grid,V14,Oceania,E7G_OC,E112N100T1,100000,11200000,10000000,1,X0112_Y-002
Equi7Grid,V14,Oceania,E7G_OC,E112N101T1,100000,11200000,10100000,1,X0112_Y-003
Equi7Grid,V14,Oceania,E7G_OC,E112N103T1,100000,11200000,10300000,1,X0112_Y-005
Equi7Grid,V14,Oceania,E7G_OC,E112N112T1,100000,11200000,11200000,1,X0112_Y-014
Equi7Grid,V14,Oceania,E7G_OC,E112N093T1,100000,11200000,9300000,1,X0112_Y0005
Equi7Grid,V14,Oceania,E7G_OC,E113N101T1,100000,11300000,10100000,1,X0113_Y-003
Equi7Grid,V14,Oceania,E7G_OC,E114N105T1,100000,11400000,10500000,1,X0114_Y-007
Equi7Grid,V14,Oceania,E7G_OC,E114N106T1,100000,11400000,10600000,1,X0114_Y-008
Equi7Grid,V14,Oceania,E7G_OC,E115N101T1,100000,11500000,10100000,1,X0115_Y-003
Equi7Grid,V14,Oceania,E7G_OC,E115N102T1,100000,11500000,10200000,1,X0115_Y-004
Equi7Grid,V14,Oceania,E7G_OC,E115N103T1,100000,11500000,10300000,1,X0115_Y-005
Equi7Grid,V14,Oceania,E7G_OC,E116N101T1,100000,11600000,10100000,1,X0116_Y-003
Equi7Grid,V14,Oceania,E7G_OC,E116N102T1,100000,11600000,10200000,1,X0116_Y-004
Equi7Grid,V14,Oceania,E7G_OC,E116N097T1,100000,11600000,9700000,1,X0116_Y0001
Equi7Grid,V14,Oceania,E7G_OC,E116N096T1,100000,11600000,9600000,1,X0116_Y0002
Equi7Grid,V14,Oceania,E7G_OC,E116N095T1,100000,11600000,9500000,1,X0116_Y0003
Equi7Grid,V14,Oceania,E7G_OC,E117N097T1,100000,11700000,9700000,1,X0117_Y0001
Equi7Grid,V14,Oceania,E7G_OC,E117N096T1,100000,11700000,9600000,1,X0117_Y0002
Equi7Grid,V14,Oceania,E7G_OC,E117N095T1,100000,11700000,9500000,1,X0117_Y0003
Equi7Grid,V14,Oceania,E7G_OC,E117N094T1,100000,11700000,9400000,1,X0117_Y0004
Equi7Grid,V14,Oceania,E7G_OC,E117N072T1,100000,11700000,7200000,1,X0117_Y0026
Equi7Grid,V14,Oceania,E7G_OC,E117N071T1,100000,11700000,7100000,1,X0117_Y0027
Equi7Grid,V14,Oceania,E7G_OC,E117N070T1,100000,11700000,7000000,1,X0117_Y0028
Equi7Grid,V14,Oceania,E7G_OC,E118N093T1,100000,11800000,9300000,1,X0118_Y0005
Equi7Grid,V14,Oceania,E7G_OC,E118N092T1,100000,11800000,9200000,1,X0118_Y0006
Equi7Grid,V14,Oceania,E7G_OC,E118N091T1,100000,11800000,9100000,1,X0118_Y0007
Equi7Grid,V14,Oceania,E7G_OC,E118N073T1,100000,11800000,7300000,1,X0118_Y0025
Equi7Grid,V14,Oceania,E7G_OC,E118N072T1,100000,11800000,7200000,1,X0118_Y0026
Equi7Grid,V14,Oceania,E7G_OC,E118N071T1,100000,11800000,7100000,1,X0118_Y0027
Equi7Grid,V14,Oceania,E7G_OC,E118N070T1,100000,11800000,7000000,1,X0118_Y0028
Equi7Grid,V14,Oceania,E7G_OC,E118N069T1,100000,11800000,6900000,1,X0118_Y0029
Equi7Grid,V14,Oceania,E7G_OC,E118N056T1,100000,11800000,5600000,1,X0118_Y0042
Equi7Grid,V14,Oceania,E7G_OC,E119N091T1,100000,11900000,9100000,1,X0119_Y0007
Equi7Grid,V14,Oceania,E7G_OC,E119N090T1,100000,11900000,9000000,1,X0119_Y0008
Equi7Grid,V14,Oceania,E7G_OC,E119N086T1,100000,11900000,8600000,1,X0119_Y0012
Equi7Grid,V14,Oceania,E7G_OC,E119N085T1,100000,11900000,8500000,1,X0119_Y0013
Equi7Grid,V14,Oceania,E7G_OC,E119N078T1,100000,11900000,7800000,1,X0119_Y0020
Equi7Grid,V14,Oceania,E7G_OC,E119N072T1,100000,11900000,7200000,1,X0119_Y0026
Equi7Grid,V14,Oceania,E7G_OC,E119N071T1,100000,11900000,7100000,1,X0119_Y0027
Equi7Grid,V14,Oceania,E7G_OC,E119N070T1,100000,11900000,7000000,1,X0119_Y0028
Equi7Grid,V14,Oceania,E7G_OC,E119N069T1,100000,11900000,6900000,1,X0119_Y0029
Equi7Grid,V14,Oceania,E7G_OC,E120N091T1,100000,12000000,9100000,1,X0120_Y0007
Equi7Grid,V14,Oceania,E7G_OC,E120N090T1,100000,12000000,9000000,1,X0120_Y0008
Equi7Grid,V14,Oceania,E7G_OC,E120N085T1,100000,12000000,8500000,1,X0120_Y0013
Equi7Grid,V14,Oceania,E7G_OC,E120N084T1,100000,12000000,8400000,1,X0120_Y0014
Equi7Grid,V14,Oceania,E7G_OC,E120N073T1,100000,12000000,7300000,1,X0120_Y0025
Equi7Grid,V14,Oceania,E7G_OC,E120N072T1,100000,12000000,7200000,1,X0120_Y0026
Equi7Grid,V14,Oceania,E7G_OC,E120N071T1,100000,12000000,7100000,1,X0120_Y0027
Equi7Grid,V14,Oceania,E7G_OC,E120N070T1,100000,12000000,7000000,1,X0120_Y0028
Equi7Grid,V14,Oceania,E7G_OC,E120N069T1,100000,12000000,6900000,1,X0120_Y0029
Equi7Grid,V14,Oceania,E7G_OC,E120N067T1,100000,12000000,6700000,1,X0120_Y0031
Equi7Grid,V14,Oceania,E7G_OC,E121N083T1,100000,12100000,8300000,1,X0121_Y0015
Equi7Grid,V14,Oceania,E7G_OC,E121N072T1,100000,12100000,7200000,1,X0121_Y0026
Equi7Grid,V14,Oceania,E7G_OC,E121N071T1,100000,12100000,7100000,1,X0121_Y0027
Equi7Grid,V14,Oceania,E7G_OC,E121N070T1,100000,12100000,7000000,1,X0121_Y0028
Equi7Grid,V14,Oceania,E7G_OC,E121N069T1,100000,12100000,6900000,1,X0121_Y0029
Equi7Grid,V14,Oceania,E7G_OC,E121N068T1,100000,12100000,6800000,1,X0121_Y0030
Equi7Grid,V14,Oceania,E7G_OC,E122N082T1,100000,12200000,8200000,1,X0122_Y0016
Equi7Grid,V14,Oceania,E7G_OC,E122N081T1,100000,12200000,8100000,1,X0122_Y0017
Equi7Grid,V14,Oceania,E7G_OC,E122N070T1,100000,12200000,7000000,1,X0122_Y0028
Equi7Grid,V14,Oceania,E7G_OC,E122N064T1,100000,12200000,6400000,1,X0122_Y0034
Equi7Grid,V14,Oceania,E7G_OC,E123N074T1,100000,12300000,7400000,1,X0123_Y0024
Equi7Grid,V14,Oceania,E7G_OC,E124N067T1,100000,12400000,6700000,1,X0124_Y0031
Equi7Grid,V14,Oceania,E7G_OC,E124N066T1,100000,12400000,6600000,1,X0124_Y0032
Equi7Grid,V14,Oceania,E7G_OC,E124N065T1,100000,12400000,6500000,1,X0124_Y0033
Equi7Grid,V14,Oceania,E7G_OC,E124N064T1,100000,12400000,6400000,1,X0124_Y0034
Equi7Grid,V14,Oceania,E7G_OC,E125N075T1,100000,12500000,7500000,1,X0125_Y0023
Equi7Grid,V14,Oceania,E7G_OC,E125N072T1,100000,12500000,7200000,1,X0125_Y0026
Equi7Grid,V14,Oceania,E7G_OC,E125N068T1,100000,12500000,6800000,1,X0125_Y0030
Equi7Grid,V14,Oceania,E7G_OC,E125N067T1,100000,12500000,6700000,1,X0125_Y0031
Equi7Grid,V14,Oceania,E7G_OC,E125N066T1,100000,12500000,6600000,1,X0125_Y0032
Equi7Grid,V14,Oceania,E7G_OC,E126N075T1,100000,12600000,7500000,1,X0126_Y0023
Equi7Grid,V14,Oceania,E7G_OC,E126N068T1,100000,12600000,6800000,1,X0126_Y0030
Equi7Grid,V14,Oceania,E7G_OC,E126N067T1,100000,12600000,6700000,1,X0126_Y0031
Equi7Grid,V14,Oceania,E7G_OC,E127N071T1,100000,12700000,7100000,1,X0127_Y0027
Equi7Grid,V14,Oceania,E7G_OC,E128N092T1,100000,12800000,9200000,1,X0128_Y0006
Equi7Grid,V14,Oceania,E7G_OC,E128N091T1,100000,12800000,9100000,1,X0128_Y0007
Equi7Grid,V14,Oceania,E7G_OC,E129N085T1,100000,12900000,8500000,1,X0129_Y0013
Equi7Grid,V14,Oceania,E7G_OC,E129N073T1,100000,12900000,7300000,1,X0129_Y0025
Equi7Grid,V14,Oceania,E7G_OC,E130N073T1,100000,13000000,7300000,1,X0130_Y0025
Equi7Grid,V14,Oceania,E7G_OC,E130N072T1,100000,13000000,7200000,1,X0130_Y0026
Equi7Grid,V14,Oceania,E7G_OC,E130N065T1,100000,13000000,6500000,1,X0130_Y0033
Equi7Grid,V14,Oceania,E7G_OC,E131N079T1,100000,13100000,7900000,1,X0131_Y0019
Equi7Grid,V14,Oceania,E7G_OC,E131N076T1,100000,13100000,7600000,1,X0131_Y0022
Equi7Grid,V14,Oceania,E7G_OC,E131N072T1,100000,13100000,7200000,1,X0131_Y0026
Equi7Grid,V14,Oceania,E7G_OC,E131N071T1,100000,13100000,7100000,1,X0131_Y0027
Equi7Grid,V14,Oceania,E7G_OC,E132N084T1,100000,13200000,8400000,1,X0132_Y0014
Equi7Grid,V14,Oceania,E7G_OC,E132N078T1,100000,13200000,7800000,1,X0132_Y0020
Equi7Grid,V14,Oceania,E7G_OC,E132N076T1,100000,13200000,7600000,1,X0132_Y0022
Equi7Grid,V14,Oceania,E7G_OC,E132N071T1,100000,13200000,7100000,1,X0132_Y0027
Equi7Grid,V14,Oceania,E7G_OC,E133N086T1,100000,13300000,8600000,1,X0133_Y0012
Equi7Grid,V14,Oceania,E7G_OC,E133N084T1,100000,13300000,8400000,1,X0133_Y0014
Equi7Grid,V14,Oceania,E7G_OC,E133N070T1,100000,13300000,7000000,1,X0133_Y0028
Equi7Grid,V14,Oceania,E7G_OC,E134N086T1,100000,13400000,8600000,1,X0134_Y0012
Equi7Grid,V14,Oceania,E7G_OC,E137N074T1,100000,13700000,7400000,1,X0137_Y0024
Equi7Grid,V14,Oceania,E7G_OC,E138N058T1,100000,13800000,5800000,1,X0138_Y0040
Equi7Grid,V14,Oceania,E7G_OC,E139N061T1,100000,13900000,6100000,1,X0139_Y0037
Equi7Grid,V14,Oceania,E7G_OC,E139N056T1,100000,13900000,5600000,1,X0139_Y0042
Equi7Grid,V14,Oceania,E7G_OC,E140N061T1,100000,14000000,6100000,1,X0140_Y0037
Equi7Grid,V14,Oceania,E7G_OC,E140N060T1,100000,14000000,6000000,1,X0140_Y0038
Equi7Grid,V14,Oceania,E7G_OC,E140N059T1,100000,14000000,5900000,1,X0140_Y0039
Equi7Grid,V14,Oceania,E7G_OC,E140N056T1,100000,14000000,5600000,1,X0140_Y0042
Equi7Grid,V14,Oceania,E7G_OC,E141N059T1,100000,14100000,5900000,1,X0141_Y0039
Equi7Grid,V14,Oceania,E7G_OC,E141N058T1,100000,14100000,5800000,1,X0141_Y0040
Equi7Grid,V14,Oceania,E7G_OC,E142N073T1,100000,14200000,7300000,1,X0142_Y0025
Equi7Grid,V14,Oceania,E7G_OC,E142N072T1,100000,14200000,7200000,1,X0142_Y0026
Equi7Grid,V14,Oceania,E7G_OC,E145N096T1,100000,14500000,9600000,1,X0145_Y0002
Equi7Grid,V14,Oceania,E7G_OC,E145N095T1,100000,14500000,9500000,1,X0145_Y0003
Equi7Grid,V14,Oceania,E7G_OC,E145N052T1,100000,14500000,5200000,1,X0145_Y0046
Equi7Grid,V14,Oceania,E7G_OC,E146N086T1,100000,14600000,8600000,1,X0146_Y0012
Equi7Grid,V14,Oceania,E7G_OC,E146N073T1,100000,14600000,7300000,1,X0146_Y0025
Equi7Grid,V14,Oceania,E7G_OC,E146N062T1,100000,14600000,6200000,1,X0146_Y0036
Equi7Grid,V14,Oceania,E7G_OC,E146N060T1,100000,14600000,6000000,1,X0146_Y0038
Equi7Grid,V14,Oceania,E7G_OC,E146N049T1,100000,14600000,4900000,1,X0146_Y0049
Equi7Grid,V14,Oceania,E7G_OC,E146N041T1,100000,14600000,4100000,1,X0146_Y0057
Equi7Grid,V14,Oceania,E7G_OC,E146N040T1,100000,14600000,4000000,1,X0146_Y0058
Equi7Grid,V14,Oceania,E7G_OC,E147N093T1,100000,14700000,9300000,1,X0147_Y0005
Equi7Grid,V14,Oceania,E7G_OC,E147N048T1,100000,14700000,4800000,1,X0147_Y0050
Equi7Grid,V14,Oceania,E7G_OC,E147N047T1,100000,14700000,4700000,1,X0147_Y0051
Equi7Grid,V14,Oceania,E7G_OC,E148N091T1,100000,14800000,9100000,1,X0148_Y0007
Equi7Grid,V14,Oceania,E7G_OC,E148N060T1,100000,14800000,6000000,1,X0148_Y0038
Equi7Grid,V14,Oceania,E7G_OC,E148N059T1,100000,14800000,5900000,1,X0148_Y0039
Equi7Grid,V14,Oceania,E7G_OC,E149N088T1,100000,14900000,8800000,1,X0149_Y0010
Equi7Grid,V14,Oceania,E7G_OC,E149N077T1,100000,14900000,7700000,1,X0149_Y0021
Equi7Grid,V14,Oceania,E7G_OC,E149N059T1,100000,14900000,5900000,1,X0149_Y0039
Equi7Grid,V14,Oceania,E7G_OC,E149N057T1,100000,14900000,5700000,1,X0149_Y0041
Equi7Grid,V14,Oceania,E7G_OC,E150N088T1,100000,15000000,8800000,1,X0150_Y0010
Equi7Grid,V14,Oceania,E7G_OC,E150N087T1,100000,15000000,8700000,1,X0150_Y0011
Equi7Grid,V14,Oceania,E7G_OC,E150N058T1,100000,15000000,5800000,1,X0150_Y0040
Equi7Grid,V14,Oceania,E7G_OC,E150N057T1,100000,15000000,5700000,1,X0150_Y0041
Equi7Grid,V14,Oceania,E7G_OC,E150N056T1,100000,15000000,5600000,1,X0150_Y0042
Equi7Grid,V14,Oceania,E7G_OC,E151N078T1,100000,15100000,7800000,1,X0151_Y0020
Equi7Grid,V14,Oceania,E7G_OC,E151N066T1,100000,15100000,6600000,1,X0151_Y0032
Equi7Grid,V14,Oceania,E7G_OC,E152N060T1,100000,15200000,6000000,1,X0152_Y0038
Equi7Grid,V14,Oceania,E7G_OC,E152N058T1,100000,15200000,5800000,1,X0152_Y0040
Equi7Grid,V14,Oceania,E7G_OC,E153N060T1,100000,15300000,6000000,1,X0153_Y0038
Equi7Grid,V14,Oceania,E7G_OC,E153N059T1,100000,15300000,5900000,1,X0153_Y0039
Equi7Grid,V14,Oceania,E7G_OC,E153N057T1,100000,15300000,5700000,1,X0153_Y0041
Equi7Grid,V14,Oceania,E7G_OC,E153N055T1,100000,15300000,5500000,1,X0153_Y0043
Equi7Grid,V14,Oceania,E7G_OC,E153N054T1,100000,15300000,5400000,1,X0153_Y0044
Equi7Grid,V14,Oceania,E7G_OC,E154N058T1,100000,15400000,5800000,1,X0154_Y0040
Equi7Grid,V14,Oceania,E7G_OC,E154N057T1,100000,15400000,5700000,1,X0154_Y0041
Equi7Grid,V14,Oceania,E7G_OC,E154N056T1,100000,15400000,5600000,1,X0154_Y0042
Equi7Grid,V14,Oceania,E7G_OC,E154N045T1,100000,15400000,4500000,1,X0154_Y0053
Equi7Grid,V14,Oceania,E7G_OC,E155N059T1,100000,15500000,5900000,1,X0155_Y0039
Equi7Grid,V14,Oceania,E7G_OC,E155N058T1,100000,15500000,5800000,1,X0155_Y0040
Equi7Grid,V14,Oceania,E7G_OC,E155N057T1,100000,15500000,5700000,1,X0155_Y0041
Equi7Grid,V14,Oceania,E7G_OC,E155N056T1,100000,15500000,5600000,1,X0155_Y0042
Equi7Grid,V14,Oceania,E7G_OC,E155N055T1,100000,15500000,5500000,1,X0155_Y0043
Equi7Grid,V14,Oceania,E7G_OC,E155N054T1,100000,15500000,5400000,1,X0155_Y0044
Equi7Grid,V14,Oceania,E7G_OC,E155N053T1,100000,15500000,5300000,1,X0155_Y0045
Equi7Grid,V14,Oceania,E7G_OC,E155N052T1,100000,15500000,5200000,1,X0155_Y0046
Equi7Grid,V14,Oceania,E7G_OC,E155N044T1,100000,15500000,4400000,1,X0155_Y0054
Equi7Grid,V14,Oceania,E7G_OC,E156N058T1,100000,15600000,5800000,1,X0156_Y0040
Equi7Grid,V14,Oceania,E7G_OC,E156N054T1,100000,15600000,5400000,1,X0156_Y0044
Equi7Grid,V14,Oceania,E7G_OC,E156N053T1,100000,15600000,5300000,1,X0156_Y0045
Equi7Grid,V14,Oceania,E7G_OC,E156N052T1,100000,15600000,5200000,1,X0156_Y0046
Equi7Grid,V14,Oceania,E7G_OC,E156N049T1,100000,15600000,4900000,1,X0156_Y0049
Equi7Grid,V14,Oceania,E7G_OC,E156N048T1,100000,15600000,4800000,1,X0156_Y0050
Equi7Grid,V14,Oceania,E7G_OC,E156N045T1,100000,15600000,4500000,1,X0156_Y0053
Equi7Grid,V14,Oceania,E7G_OC,E157N054T1,100000,15700000,5400000,1,X0157_Y0044
Equi7Grid,V14,Oceania,E7G_OC,E157N052T1,100000,15700000,5200000,1,X0157_Y0046
Equi7Grid,V14,Oceania,E7G_OC,E157N051T1,100000,15700000,5100000,1,X0157_Y0047
Equi7Grid,V14,Oceania,E7G_OC,E157N050T1,100000,15700000,5000000,1,X0157_Y0048
Equi7Grid,V14,Oceania,E7G_OC,E157N047T1,100000,15700000,4700000,1,X0157_Y0051
Equi7Grid,V14,Oceania,E7G_OC,E157N045T1,100000,15700000,4500000,1,X0157_Y0053
Equi7Grid,V14,Oceania,E7G_OC,E157N043T1,100000,15700000,4300000,1,X0157_Y0055
Equi7Grid,V14,Oceania,E7G_OC,E157N041T1,100000,15700000,4100000,1,X0157_Y0057
Equi7Grid,V14,Oceania,E7G_OC,E157N039T1,100000,15700000,3900000,1,X0157_Y0059
Equi7Grid,V14,Oceania,E7G_OC,E158N048T1,100000,15800000,4800000,1,X0158_Y0050
Equi7Grid,V14,Oceania,E7G_OC,E158N047T1,100000,15800000,4700000,1,X0158_Y0051
Equi7Grid,V14,Oceania,E7G_OC,E158N043T1,100000,15800000,4300000,1,X0158_Y0055
Equi7Grid,V14,Oceania,E7G_OC,E158N042T1,100000,15800000,4200000,1,X0158_Y0056
Equi7Grid,V14,Oceania,E7G_OC,E158N041T1,100000,15800000,4100000,1,X0158_Y0057
Equi7Grid,V14,Oceania,E7G_OC,E158N032T1,100000,15800000,3200000,1,X0158_Y0066
Equi7Grid,V14,Oceania,E7G_OC,E159N056T1,100000,15900000,5600000,1,X0159_Y0042
Equi7Grid,V14,Oceania,E7G_OC,E159N053T1,100000,15900000,5300000,1,X0159_Y0045
Equi7Grid,V14,Oceania,E7G_OC,E159N049T1,100000,15900000,4900000,1,X0159_Y0049
Equi7Grid,V14,Oceania,E7G_OC,E159N034T1,100000,15900000,3400000,1,X0159_Y0064
Equi7Grid,V14,Oceania,E7G_OC,E160N047T1,100000,16000000,4700000,1,X0160_Y0051
Equi7Grid,V14,Oceania,E7G_OC,E160N046T1,100000,16000000,4600000,1,X0160_Y0052
Equi7Grid,V14,Oceania,E7G_OC,E160N031T1,100000,16000000,3100000,1,X0160_Y0067
Equi7Grid,V14,Oceania,E7G_OC,E162N027T1,100000,16200000,2700000,1,X0162_Y0071
Equi7Grid,V14,Oceania,E7G_OC,E163N062T1,100000,16300000,6200000,1,X0163_Y0036
Equi7Grid,V14,Oceania,E7G_OC,E164N065T1,100000,16400000,6500000,1,X0164_Y0033
Equi7Grid,V14,Oceania,E7G_OC,E164N063T1,100000,16400000,6300000,1,X0164_Y0035
Equi7Grid,V14,Oceania,E7G_OC,E164N062T1,100000,16400000,6200000,1,X0164_Y0036
Equi7Grid,V14,Oceania,E7G_OC,E164N061T1,100000,16400000,6100000,1,X0164_Y0037
Equi7Grid,V14,Oceania,E7G_OC,E164N060T1,100000,16400000,6000000,1,X0164_Y0038
Equi7Grid,V14,Oceania,E7G_OC,E164N059T1,100000,16400000,5900000,1,X0164_Y0039
